wave,flux,flux_err
obswave,flux,
3700.0,7.262414910246955e-17,
3703.50179600716,-1.9429193709668105e-17,
3707.00359201431,2.2184079767496997e-17,
3710.50538802147,5.83367574426939e-17,
3714.00718402863,1.3595514120495376e-16,
3717.50898003578,6.562018346804711e-17,
3721.01077604294,1.21402348684119e-16,
3724.5125720501,1.1888097642233497e-16,
3728.01436805725,5.02198973535096e-17,
3731.51616406441,-1.622536392178125e-17,
3735.01796007157,6.940246614675116e-17,
3738.51975607872,1.286086843975507e-16,
3742.02155208588,6.845273657329817e-17,
3745.52334809304,1.287585074642776e-16,
3749.02514410019,1.6724483640396602e-16,
3752.52694010735,1.2509527580925418e-16,
3756.0287361145,8.324291342620449e-17,
3759.53053212166,5.565074641998823e-17,
3763.03232812882,1.9826897694578564e-17,
3766.53412413597,7.21077016861455e-17,
3770.03592014313,6.580132968063209e-17,
3773.53771615029,8.832579874061844e-17,
3777.03951215744,3.171688959252312e-17,
3780.5413081646,1.4871547823877162e-16,
3784.04310417175,1.7661076460779015e-16,
3787.54490017891,5.222410448367985e-17,
3791.04669618607,6.454967266441152e-17,
3794.54849219322,4.2964026468743464e-17,
3798.05028820038,4.283579894243013e-17,
3801.55208420754,-6.4561707211858605e-18,
3805.05388021469,-8.798419189540548e-17,
3808.55567622185,-2.988051249304484e-17,
3812.05747222901,8.124648581712092e-18,
3815.55926823616,7.165900146663226e-18,
3819.06106424332,3.8825705740965496e-17,
3822.56286025047,1.5830979370085698e-17,
3826.06465625763,5.653339524654227e-18,
3829.56645226479,3.2605344223117135e-17,
3833.06824827194,9.033722147271916e-17,
3836.5700442791,4.144067576633435e-17,
3840.07184028626,7.67015537450334e-17,
3843.57363629341,-7.675788157893117e-18,
3847.07543230057,-2.6537791980254674e-17,
3850.57722830773,3.4529397935040144e-17,
3854.07902431488,9.164907685886413e-17,
3857.58082032204,6.655171383236818e-17,
3861.08261632919,4.972751903207974e-17,
3864.58441233635,3.8873600420209164e-18,
3868.08620834351,2.6778316316718683e-17,
3871.58800435066,7.117305695012086e-17,
3875.08980035782,7.014026464822841e-17,
3878.59159636498,2.819008792426684e-17,
3882.09339237213,1.1647920628704332e-17,
3885.59518837929,4.387801125750002e-17,
3889.09698438645,8.4658491488057e-17,
3892.5987803936,7.746830436864377e-17,
3896.10057640076,9.427092926120753e-19,
3899.60237240791,5.936043732367592e-17,
3903.10416841507,7.067178408563638e-17,
3906.60596442223,5.4111157409149423e-17,
3910.10776042938,4.937168604451717e-17,
3913.60955643654,5.1290997708990315e-17,
3917.1113524437,8.012109542651142e-17,
3920.61314845085,7.253972784151743e-17,
3924.11494445801,6.624587740454058e-17,
3927.61674046517,9.290433526787771e-17,
3931.11853647232,6.743250428897564e-17,
3934.62033247948,7.148337909850915e-17,
3938.12212848664,9.340394200758251e-17,
3941.62392449379,8.270634434907962e-17,
3945.12572050095,8.29395761855464e-17,
3948.6275165081,8.821056698758663e-17,
3952.12931251526,6.149843427365476e-17,
3955.63110852242,6.529990302001409e-17,
3959.13290452957,8.170605429673547e-17,
3962.63470053673,7.895993461851661e-17,
3966.13649654389,7.787060942121504e-17,
3969.63829255104,1.0076108764626449e-16,
3973.1400885582,1.1026403538870089e-16,
3976.64188456535,1.1320689877071148e-16,
3980.14368057251,1.1449612049254167e-16,
3983.64547657967,9.111922354623584e-17,
3987.14727258683,7.097929945458813e-17,
3990.64906859398,9.91135337497022e-17,
3994.15086460114,1.305727891859084e-16,
3997.65266060829,1.3298956726056166e-16,
4001.15445661545,1.381178993324276e-16,
4004.65625262261,1.5329065688378261e-16,
4008.15804862976,1.0697866801736521e-16,
4011.65984463692,8.017765395460946e-17,
4015.16164064408,1.1036352867073692e-16,
4018.66343665123,8.99033497637451e-17,
4022.16523265839,8.871201928089354e-17,
4025.66702866555,1.1116985616603701e-16,
4029.1688246727,1.0815510590795531e-16,
4032.67062067986,1.0740857947590141e-16,
4036.17241668701,1.3888957143231024e-16,
4039.67421269417,1.0739535300841961e-16,
4043.17600870133,9.596845408481588e-17,
4046.67780470848,1.188772981314752e-16,
4050.17960071564,1.3007102930033446e-16,
4053.6813967228,1.3264903698828326e-16,
4057.18319272995,1.1840869412901697e-16,
4060.68498873711,1.0301580304523239e-16,
4064.18678474426,1.4458310429482268e-16,
4067.68858075142,1.704684033623199e-16,
4071.19037675858,1.3710169138026523e-16,
4074.69217276574,1.35090422444298e-16,
4078.19396877289,1.3730483043994203e-16,
4081.69576478005,1.2518911708338373e-16,
4085.1975607872,8.46527882147727e-17,
4088.69935679436,6.025710723106823e-17,
4092.20115280152,1.268711213138521e-16,
4095.70294880867,1.324138570674587e-16,
4099.20474481583,1.0644003550878245e-16,
4102.70654082298,1.0006735173703763e-16,
4106.20833683014,1.065457831669145e-16,
4109.7101328373,1.0494189455592439e-16,
4113.21192884445,4.782745751698417e-17,
4116.71372485161,1.1910018717796348e-16,
4120.21552085877,1.6571725630788541e-16,
4123.71731686592,1.3510272613497877e-16,
4127.21911287308,1.129870215651711e-16,
4130.72090888024,1.571996419438094e-16,
4134.22270488739,1.5361362876415205e-16,
4137.72450089455,1.2808826391444429e-16,
4141.2262969017,1.1116485779169794e-16,
4144.72809290886,9.900399245361022e-17,
4148.22988891602,9.704371975224579e-17,
4151.73168492317,9.681556318818482e-17,
4155.23348093033,1.236028765787138e-16,
4158.73527693749,1.516332472183313e-16,
4162.23707294464,1.4372043614928038e-16,
4165.7388689518,1.2790782260080458e-16,
4169.24066495896,1.4027694072000828e-16,
4172.74246096611,1.2354968874920851e-16,
4176.24425697327,1.140406916921874e-16,
4179.74605298043,1.1994868044653402e-16,
4183.24784898758,1.3468081207538505e-16,
4186.74964499474,1.286855824643053e-16,
4190.25144100189,1.2907981321986736e-16,
4193.75323700905,1.192114074151796e-16,
4197.25503301621,1.128843498297092e-16,
4200.75682902336,1.3273516282304845e-16,
4204.25862503052,1.295182603638133e-16,
4207.76042103767,1.1222417992662074e-16,
4211.26221704483,1.1771450964773408e-16,
4214.76401305199,1.0425630984177354e-16,
4218.26580905915,1.058146235318671e-16,
4221.7676050663,1.178978346388771e-16,
4225.26940107346,1.1657964797856932e-16,
4228.77119708061,1.2633958906009967e-16,
4232.27299308777,1.1974511844749007e-16,
4235.77478909493,9.880904303804279e-17,
4239.27658510208,1.0457884596643134e-16,
4242.77838110924,1.0845095840344927e-16,
4246.2801771164,1.3560756194322285e-16,
4249.78197312355,1.4163111567555722e-16,
4253.28376913071,1.1460229109004088e-16,
4256.78556513786,1.0271520850228856e-16,
4260.28736114502,1.0594804167768636e-16,
4263.78915715218,1.153819349561771e-16,
4267.29095315933,8.270584451164572e-17,
4270.79274916649,8.041007836137531e-17,
4274.29454517365,1.0402019432780346e-16,
4277.79634118081,1.1153574998399996e-16,
4281.29813718796,9.544359914652664e-17,
4284.79993319512,9.313018488993604e-17,
4288.30172920227,8.212177806195542e-17,
4291.80352520943,1.1094003347719633e-16,
4295.30532121659,1.1571401925745697e-16,
4298.80711722374,9.965121784879499e-17,
4302.3089132309,1.02990695826437e-16,
4305.81070923805,1.1332348905625594e-16,
4309.31250524521,9.768566481351339e-17,
4312.81430125237,8.838962413602477e-17,
4316.31609725952,1.036545183876963e-16,
4319.81789326668,1.0935429280996031e-16,
4323.31968927384,7.911775508418602e-17,
4326.82148528099,8.315000774522044e-17,
4330.32328128815,9.621028568841472e-17,
4333.82507729531,8.742774466802455e-17,
4337.32687330246,9.345070884851378e-17,
4340.82866930962,9.787343707618372e-17,
4344.33046531678,1.2504784251841103e-16,
4347.83226132393,1.1980379167242385e-16,
4351.33405733109,1.0310913166558357e-16,
4354.83585333824,1.0680851822832616e-16,
4358.3376493454,1.172733710714517e-16,
4361.83944535256,9.940884795872886e-17,
4365.34124135971,9.864532705392221e-17,
4368.84303736687,1.2314260320015398e-16,
4372.34483337403,1.235801531999878e-16,
4375.84662938118,1.1229538753643553e-16,
4379.34842538834,1.309763758729256e-16,
4382.8502213955,1.255928063011566e-16,
4386.35201740265,1.2494667029525086e-16,
4389.85381340981,1.0960423715960175e-16,
4393.35560941696,7.607143816970155e-17,
4396.85740542412,7.486310039775276e-17,
4400.35920143128,8.474420719979949e-17,
4403.86099743843,1.0684177664219753e-16,
4407.36279344559,1.1823549404999665e-16,
4410.86458945275,1.1196813499701676e-16,
4414.3663854599,1.0671625336456506e-16,
4417.86818146706,9.359914775003913e-17,
4421.36997747422,9.313288913861692e-17,
4424.87177348137,1.1420501004449757e-16,
4428.37356948853,1.276396790420312e-16,
4431.87536549568,1.3828694691584318e-16,
4435.37716150284,1.2853575939757837e-16,
4438.87895751,1.1890774976591004e-16,
4442.38075351715,1.0796693633860673e-16,
4445.88254952431,1.0708300587760678e-16,
4449.38434553147,1.12465716754297e-16,
4452.88614153862,1.0343214199498639e-16,
4456.38793754578,9.892723536664466e-17,
4459.88973355294,1.2100065881608174e-16,
4463.39152956009,1.1763385639205292e-16,
4466.89332556725,9.108201769827107e-17,
4470.3951215744,1.0367460159946372e-16,
4473.89691758156,1.0420399352369147e-16,
4477.39871358872,1.1004658047226327e-16,
4480.90050959587,1.244849743024561e-16,
4484.40230560303,1.1620655137502033e-16,
4487.90410161019,1.1157730057273636e-16,
4491.40589761734,1.188131779601463e-16,
4494.9076936245,1.147496149695983e-16,
4498.40948963166,1.236800950540799e-16,
4501.91128563881,1.1657393188894055e-16,
4505.41308164597,1.1414884882307778e-16,
4508.91487765312,1.187364336895252e-16,
4512.41667366028,1.200699102487727e-16,
4515.91846966744,1.2779479525901974e-16,
4519.42026567459,1.351348951595711e-16,
4522.92206168175,1.0073668532641435e-16,
4526.42385768891,1.0176164684184229e-16,
4529.92565369606,1.2871762332545306e-16,
4533.42744970322,1.1975411552130036e-16,
4536.92924571038,1.3081924748985696e-16,
4540.43104171753,1.3045308452866036e-16,
4543.93283772469,1.2179606678590267e-16,
4547.43463373185,1.1041528106966279e-16,
4550.936429739,1.3378097653091135e-16,
4554.43822574616,1.5253936277158992e-16,
4557.94002175331,1.327761751253176e-16,
4561.44181776047,1.1784581309671758e-16,
4564.94361376763,1.4109154757382893e-16,
4568.44540977478,1.4876212973260276e-16,
4571.94720578194,1.4024541251263888e-16,
4575.4490017891,1.281920250391852e-16,
4578.95079779625,1.3869963320742633e-16,
4582.45259380341,1.5208848377351865e-16,
4585.95438981057,1.455285660255708e-16,
4589.45618581772,1.462137278003545e-16,
4592.95798182488,1.5109585789516102e-16,
4596.45977783203,1.3812571730254764e-16,
4599.96157383919,1.262098363887957e-16,
4603.46336984635,1.564137437015771e-16,
4606.9651658535,1.6249702159909092e-16,
4610.46696186066,1.3988245363755707e-16,
4613.96875786782,1.462742209462015e-16,
4617.47055387497,1.4570671321355235e-16,
4620.97234988213,1.5283285705970344e-16,
4624.47414588928,1.4064002775853471e-16,
4627.97594189644,1.3548221809441284e-16,
4631.4777379036,1.6106838368223457e-16,
4634.97953391075,1.6556704875082471e-16,
4638.48132991791,1.5734433847275266e-16,
4641.98312592507,1.4377118887333843e-16,
4645.48492193222,1.515469932201215e-16,
4648.98671793938,1.73039105733927e-16,
4652.48851394654,1.759691784041674e-16,
4655.99030995369,1.6124678719710529e-16,
4659.49210596085,1.6760882058660458e-16,
4662.99390196801,1.7794891913276523e-16,
4666.49569797516,1.8218869404328147e-16,
4669.99749398232,1.6692199268704118e-16,
4673.49928998947,1.5601041334144913e-16,
4677.00108599663,1.6330381048279152e-16,
4680.50288200379,1.6874434870568122e-16,
4684.00467801094,1.7028961535711538e-16,
4687.5064740181,1.6701311689614542e-16,
4691.00827002525,1.5061101558427314e-16,
4694.51006603241,1.4393241848663397e-16,
4698.01186203957,1.6043320565084137e-16,
4701.51365804673,1.7928322875440255e-16,
4705.01545405388,1.712642983532303e-16,
4708.51725006104,1.759131709788811e-16,
4712.01904606819,1.748832495381475e-16,
4715.52084207535,1.65565382626045e-16,
4719.02263808251,1.7355791135763155e-16,
4722.52443408966,1.6457352572835494e-16,
4726.02623009682,1.495771210767572e-16,
4729.52802610398,1.5126298302690776e-16,
4733.02982211113,1.6606368209861498e-16,
4736.53161811829,1.6104698038698787e-16,
4740.03341412544,1.4682698988272265e-16,
4743.5352101326,1.4815271255357236e-16,
4747.03700613976,1.5576972239250712e-16,
4750.53880214692,1.6057239115166723e-16,
4754.04059815407,1.4987420394131925e-16,
4757.54239416123,1.4686159401276221e-16,
4761.04419016838,1.4590959594633996e-16,
4764.54598617554,1.4474946044590186e-16,
4768.0477821827,1.4046816057933812e-16,
4771.54957818985,1.2588985071668525e-16,
4775.05137419701,1.3289280385989541e-16,
4778.55317020417,1.3894416905970604e-16,
4782.05496621132,1.529717862336401e-16,
4785.55676221848,1.536160638695993e-16,
4789.05855822563,1.5796670015968678e-16,
4792.56035423279,1.4898910719297348e-16,
4796.06215023995,1.4763787999665013e-16,
4799.5639462471,1.3523024876234684e-16,
4803.06574225426,1.3975326488540928e-16,
4806.56753826142,1.468350641797319e-16,
4810.06933426857,1.359361730151543e-16,
4813.57113027573,1.3444922073100904e-16,
4817.07292628288,1.4755354845010925e-16,
4820.57472229004,1.4567031479528848e-16,
4824.0765182972,1.4441033997151394e-16,
4827.57831430435,1.4566070253694414e-16,
4831.08011031151,1.4404122925109176e-16,
4834.58190631867,1.4446609106991106e-16,
4838.08370232582,1.4703410200918176e-16,
4841.58549833298,1.695756168072987e-16,
4845.08729434014,1.7933590393012945e-16,
4848.58909034729,1.5981597050169092e-16,
4852.09088635445,1.494052538975606e-16,
4855.59268236161,1.4827882538304996e-16,
4859.09447836876,1.354178800452281e-16,
4862.59627437592,1.3811546422698038e-16,
4866.09807038307,1.6063583205673982e-16,
4869.59986639023,1.6591911373311629e-16,
4873.10166239739,1.4935334770250125e-16,
4876.60345840454,1.3540211594154343e-16,
4880.1052544117,1.3411996884185465e-16,
4883.60705041886,1.4870253373086792e-16,
4887.10884642601,1.5819713803306148e-16,
4890.61064243317,1.473052958579364e-16,
4894.11243844033,1.433997712109136e-16,
4897.61423444748,1.5919976066009716e-16,
4901.11603045464,1.702684683887579e-16,
4904.6178264618,1.5077250152445785e-16,
4908.11962246895,1.476130162883995e-16,
4911.62141847611,1.5837003051981478e-16,
4915.12321448326,1.5263715147981288e-16,
4918.62501049042,1.3905874717917043e-16,
4922.12680649758,1.5860751738264196e-16,
4925.62860250473,1.698991013414465e-16,
4929.13039851189,1.4876251422293655e-16,
4932.63219451905,1.3623786976372162e-16,
4936.1339905262,1.3751399318151462e-16,
4939.63578653336,1.5130309818506473e-16,
4943.13758254051,1.4699193623591128e-16,
4946.63937854767,1.5270072054833006e-16,
4950.14117455483,1.4792099304575176e-16,
4953.64297056198,1.580392406693253e-16,
4957.14476656914,1.742107759443783e-16,
4960.6465625763,1.7423897190218835e-16,
4964.14835858345,1.6269349615964897e-16,
4967.65015459061,1.7053773978584366e-16,
4971.15195059777,1.7258822673585574e-16,
4974.65374660492,1.759836608734062e-16,
4978.15554261208,1.7646465828095638e-16,
4981.65733861924,1.8028444158354775e-16,
4985.15913462639,1.990666662249203e-16,
4988.66093063355,1.8505852989456404e-16,
4992.1627266407,2.112998670111352e-16,
4995.66452264786,2.1370536670266446e-16,
4999.16631865502,2.3357826225750673e-16,
5002.66811466217,2.292669721449087e-16,
5006.16991066933,2.246659044840903e-16,
5009.67170667649,2.1616661749259083e-16,
5013.17350268364,2.1482384908361047e-16,
5016.6752986908,2.3113726129182575e-16,
5020.17709469796,2.4703004107489323e-16,
5023.67889070511,2.4917921387724044e-16,
5027.18068671227,2.432010300042913e-16,
5030.68248271942,2.4641037082029556e-16,
5034.18427872658,2.3286157227535363e-16,
5037.68607473374,2.453827563215646e-16,
5041.18787074089,2.323071372140528e-16,
5044.68966674805,2.1191582052583975e-16,
5048.19146275521,2.2040331648043686e-16,
5051.69325876236,2.209380143712707e-16,
5055.19505476952,2.257317116893094e-16,
5058.69685077668,2.2136633660309395e-16,
5062.19864678383,2.179925620876794e-16,
5065.70044279099,2.2605442724278967e-16,
5069.20223879815,2.319753220560066e-16,
5072.7040348053,2.1271120286297175e-16,
5076.20583081246,2.2608774973838336e-16,
5079.70762681961,2.179193807608179e-16,
5083.20942282677,1.8656624465673307e-16,
5086.71121883393,1.888064135047399e-16,
5090.21301484108,1.8900237541151958e-16,
5093.71481084824,1.8394914711818402e-16,
5097.2166068554,1.838262383748212e-16,
5100.71840286255,1.920495894701162e-16,
5104.22019886971,1.8633093657246392e-16,
5107.72199487687,1.7723274180439046e-16,
5111.22379088402,1.7040637225513785e-16,
5114.72558689118,1.736873564366685e-16,
5118.22738289834,1.8061958899115334e-16,
5121.72917890549,1.7452657067185062e-16,
5125.23097491265,1.8803281895318834e-16,
5128.7327709198,1.7943830652235773e-16,
5132.23456692696,1.9039910063067274e-16,
5135.73636293412,1.8233069913988833e-16,
5139.23815894127,1.860019410101987e-16,
5142.73995494843,1.8928446315306447e-16,
5146.24175095558,1.7242340854611165e-16,
5149.74354696274,1.6792166755485132e-16,
5153.2453429699,1.7491631570685197e-16,
5156.74713897706,1.8668851258287292e-16,
5160.24893498421,1.824725760730506e-16,
5163.75073099137,1.8186290256713103e-16,
5167.25252699852,1.8341611535212985e-16,
5170.75432300568,1.9183773529620718e-16,
5174.25611901284,1.8773932466507487e-16,
5177.75791501999,1.8778802677401944e-16,
5181.25971102715,1.8735239922585452e-16,
5184.76150703431,1.8018703736565856e-16,
5188.26330304146,1.7405813328187037e-16,
5191.76509904862,1.7356098728030172e-16,
5195.26689505577,1.8503674210898358e-16,
5198.76869106293,2.0075137470406951e-16,
5202.27048707009,1.915819210608035e-16,
5205.77228307724,1.7330427590078587e-16,
5209.2740790844,1.6686829220375756e-16,
5212.77587509156,1.7787189290256602e-16,
5216.27767109871,1.8706005840874236e-16,
5219.77946710587,1.715944473864968e-16,
5223.28126311303,1.8976546056061466e-16,
5226.78305912018,2.007030570854587e-16,
5230.28485512734,1.9381337479457808e-16,
5233.78665113449,1.9881418423907592e-16,
5237.28844714165,2.0163506165452475e-16,
5240.79024314881,1.77236971198062e-16,
5244.29203915596,1.6268657533364107e-16,
5247.79383516312,1.6966251162273145e-16,
5251.29563117028,1.9045754316140624e-16,
5254.79742717743,1.959994586689675e-16,
5258.29922318459,1.7744344250729815e-16,
5261.80101919175,2.013150375333809e-16,
5265.3028151989,1.9118704948801847e-16,
5268.80461120606,1.7936627866649754e-16,
5272.30640721321,1.5095974831700535e-16,
5275.80820322037,1.573697148347817e-16,
5279.30999922753,1.782226762504117e-16,
5282.81179523468,1.736084077548004e-16,
5286.31359124184,1.8159363117004527e-16,
5289.815387249,1.9044921253750786e-16,
5293.31718325615,1.8037159272586968e-16,
5296.81897926331,1.7162700090142291e-16,
5300.32077527047,1.592450023560378e-16,
5303.82257127762,1.6752500169384203e-16,
5307.32436728478,1.7971155098622583e-16,
5310.82616329193,1.918461940835502e-16,
5314.32795929909,1.801438462848314e-16,
5317.82975530625,1.6583990872435903e-16,
5321.3315513134,1.6368253346155803e-16,
5324.83334732056,1.7849258846472043e-16,
5328.33514332772,1.8211512822608622e-16,
5331.83693933487,1.7946252941338543e-16,
5335.33873534203,1.8663263332103123e-16,
5338.84053134919,1.8733458450705634e-16,
5342.34232735634,1.7460398139238364e-16,
5345.8441233635,1.8287372765462055e-16,
5349.34591937066,1.9481356231616657e-16,
5352.84771537781,1.9030759193123476e-16,
5356.34951138497,1.9135007338953827e-16,
5359.85130739212,1.9093584913662003e-16,
5363.35310339928,1.801710169350847e-16,
5366.85489940644,1.8374934030806658e-16,
5370.35669541359,1.9770646758747556e-16,
5373.85849142075,2.1699878273832045e-16,
5377.36028742791,2.2140965584736573e-16,
5380.86208343506,2.1095549183551907e-16,
5384.36387944222,2.1101918906748082e-16,
5387.86567544938,2.0900958625629328e-16,
5391.36747145653,2.0571117184629826e-16,
5394.86926746369,2.2565929934311546e-16,
5398.37106347084,2.4013548857311817e-16,
5401.872859478,2.254187365576181e-16,
5405.37465548516,2.226375898099925e-16,
5408.87645149231,2.341665324681796e-16,
5412.37824749947,2.3459818694956223e-16,
5415.88004350663,2.2699886366598104e-16,
5419.38183951378,2.3193008036006594e-16,
5422.88363552094,2.340524670024936e-16,
5426.3854315281,2.4003347047122374e-16,
5429.88722753525,2.381190930993673e-16,
5433.38902354241,2.2764352579227395e-16,
5436.89081954957,2.333141173982046e-16,
5440.39261555672,2.4109735522477393e-16,
5443.89441156388,2.3137487631809754e-16,
5447.39620757103,2.17929377509496e-16,
5450.89800357819,2.253259462237342e-16,
5454.39979958535,2.224233005306363e-16,
5457.9015955925,2.18504446885376e-16,
5461.40339159966,2.1296881138659973e-16,
5464.90518760682,2.137108777307819e-16,
5468.40698361397,1.9958944491540715e-16,
5471.90877962113,2.1118733950678424e-16,
5475.41057562828,2.1562525510263826e-16,
5478.91237163544,2.075985067313459e-16,
5482.4141676426,2.0420345708412923e-16,
5485.91596364975,2.3172143027227173e-16,
5489.41775965691,2.4452521471380597e-16,
5492.91955566407,2.2419439117143986e-16,
5496.42135167122,2.42046277368526e-16,
5499.92314767838,2.4887162161022194e-16,
5503.42494368554,2.421034382648136e-16,
5506.92673969269,2.4142968303659854e-16,
5510.42853569985,2.5772015398823205e-16,
5513.930331707,2.6045503373236023e-16,
5517.43212771416,2.609036057884289e-16,
5520.93392372132,2.72887913165248e-16,
5524.43571972847,2.747394904492548e-16,
5527.93751573563,2.6255691422365337e-16,
5531.43931174279,2.622309945840583e-16,
5534.94110774994,2.7869679312789237e-16,
5538.4429037571,2.9421213156663926e-16,
5541.94469976426,2.995546247544168e-16,
5545.44649577141,2.7991037278472493e-16,
5548.94829177857,2.8052978671243345e-16,
5552.45008778573,2.817551574061684e-16,
5555.95188379288,2.739166811349803e-16,
5559.45367980004,3.1421460036396306e-16,
5562.95547580719,3.2480859069385854e-16,
5566.45727181435,2.810751221691683e-16,
5569.95906782151,2.5414734164336754e-16,
5573.46086382866,3.114087180715314e-16,
5576.96265983582,3.0964288213195607e-16,
5580.46445584298,2.6896290767464735e-16,
5583.96625185013,2.725430253358535e-16,
5587.46804785729,2.9464288890390973e-16,
5590.96984386444,3.2270312162611693e-16,
5594.4716398716,2.7456416285705423e-16,
5597.97343587876,2.5723787494623593e-16,
5601.47523188591,2.6041376510320193e-16,
5604.97702789307,2.462731077711386e-16,
5608.47882390023,2.5513073975371465e-16,
5611.98061990738,2.5284712349799146e-16,
5615.48241591454,2.292701762310235e-16,
5618.9842119217,2.322686881806755e-16,
5622.48600792885,2.4039079015474355e-16,
5625.98780393601,2.340049183645503e-16,
5629.48959994317,2.4359705504807766e-16,
5632.99139595032,2.470036394053075e-16,
5636.49319195748,2.4458416989831786e-16,
5639.99498796463,2.2704167025647444e-16,
5643.49678397179,2.238360461803633e-16,
5646.99857997895,2.3704713404880784e-16,
5650.5003759861,2.4803151023092767e-16,
5654.00217199326,2.465300754775436e-16,
5657.50396800042,2.3887282231700725e-16,
5661.00576400757,2.3220781054449475e-16,
5664.50756001473,2.242242532540296e-16,
5668.00935602189,2.2813208484305503e-16,
5671.51115202904,2.3433301678270338e-16,
5675.0129480362,2.4779094744543026e-16,
5678.51474404335,2.3720028936509416e-16,
5682.01654005051,2.444519052234999e-16,
5685.51833605767,2.467239867692098e-16,
5689.02013206482,2.4344338707801296e-16,
5692.52192807198,2.2435126322761927e-16,
5696.02372407914,2.3140896779435875e-16,
5699.52552008629,2.4222609068128725e-16,
5703.02731609345,2.2502181436971964e-16,
5706.52911210061,2.221177588787312e-16,
5710.03090810776,2.254610304943331e-16,
5713.53270411492,2.1544351933820816e-16,
5717.03450012208,2.250766683240046e-16,
5720.53629612923,2.156060305859496e-16,
5724.03809213639,2.0584023243500143e-16,
5727.53988814354,2.012853036142358e-16,
5731.0416841507,1.889579026962465e-16,
5734.54348015786,1.9288572778262812e-16,
5738.04527616501,1.9929428450251396e-16,
5741.54707217217,1.8425789285620383e-16,
5745.04886817933,1.6749744655325497e-16,
5748.55066418648,1.67791709822036e-16,
5752.05246019364,1.7289287124364864e-16,
5755.5542562008,1.6538800441873102e-16,
5759.05605220795,1.6113989888431637e-16,
5762.55784821511,1.6814095520854658e-16,
5766.05964422226,1.5811703588019205e-16,
5769.56144022942,1.5957925261953127e-16,
5773.06323623658,1.6222569958689165e-16,
5776.56503224373,1.491994234055474e-16,
5780.06682825089,1.5530436092519706e-16,
5783.56862425805,1.5706558298076717e-16,
5787.0704202652,1.620051302987505e-16,
5790.57221627236,1.533810121122193e-16,
5794.07401227951,1.6306465749518463e-16,
5797.57580828667,1.777660298973338e-16,
5801.07760429383,1.8101061566060062e-16,
5804.57940030099,1.86240965834361e-16,
5808.08119630814,1.9448533573456894e-16,
5811.5829923153,1.766184544144656e-16,
5815.08478832245,1.8013026095970474e-16,
5818.58658432961,1.9661182360722347e-16,
5822.08838033677,2.0242339500220425e-16,
5825.59017634392,1.952627751894582e-16,
5829.09197235108,1.9309668481242498e-16,
5832.59376835824,2.1371792672023437e-16,
5836.09556436539,2.309596267576226e-16,
5839.59736037255,2.2536913730456135e-16,
5843.0991563797,2.1697161208806715e-16,
5846.60095238686,2.304820897630764e-16,
5850.10274839402,2.3893446893385553e-16,
5853.60454440117,2.181182904268232e-16,
5857.10634040833,2.1906272685001459e-16,
5860.60813641549,2.62890779996813e-16,
5864.10993242264,2.5998749348649213e-16,
5867.6117284298,2.418850477552305e-16,
5871.11352443696,2.433256048724338e-16,
5874.61532044411,2.426806864192517e-16,
5878.11711645127,2.4785041528372053e-16,
5881.61891245842,2.674571153641472e-16,
5885.12070846558,2.697989178237147e-16,
5888.62250447274,2.748568881645002e-16,
5892.12430047989,2.7746552691570623e-16,
5895.62609648705,2.6562565974094127e-16,
5899.12789249421,2.745289179097917e-16,
5902.62968850136,2.823849525728888e-16,
5906.13148450852,2.7497441404319017e-16,
5909.63328051568,2.8498705498842067e-16,
5913.13507652283,2.999464204045316e-16,
5916.63687252999,2.95408409158452e-16,
5920.13866853714,2.882927747147574e-16,
5923.6404645443,2.850983008583257e-16,
5927.14226055146,2.8153586975247314e-16,
5930.64405655861,2.778345094726838e-16,
5934.14585256577,2.7511821342802134e-16,
5937.64764857293,2.8051389444530416e-16,
5941.14944458008,2.9214075397515886e-16,
5944.65124058724,2.9302931113650853e-16,
5948.15303659439,2.7597152564210847e-16,
5951.65483260155,2.720379332007202e-16,
5955.15662860871,2.890181798111427e-16,
5958.65842461586,2.962764601686672e-16,
5962.16022062302,3.0024901429721105e-16,
5965.66201663018,3.082353911834572e-16,
5969.16381263733,3.0217467005219147e-16,
5972.66560864449,3.098971584060247e-16,
5976.16740465165,3.2606613041218584e-16,
5979.6692006588,3.130406232115092e-16,
5983.17099666596,3.0925698200029243e-16,
5986.67279267312,3.144379892478853e-16,
5990.17458868027,3.243078561158413e-16,
5993.67638468743,3.182818672780598e-16,
5997.17818069458,3.17071491707342e-16,
6000.67997670174,3.305273717549554e-16,
6004.1817727089,3.182771252306099e-16,
6007.68356871605,3.1938022799820504e-16,
6011.18536472321,3.192930768558831e-16,
6014.68716073037,3.0989382615646535e-16,
6018.18895673752,2.9687267651290465e-16,
6021.69075274468,2.805261981359849e-16,
6025.19254875184,2.780270109664596e-16,
6028.69434475899,2.9674720450065006e-16,
6032.19614076615,2.9764434861278736e-16,
6035.69793677331,2.816446805169309e-16,
6039.19973278046,2.7834229304015356e-16,
6042.70152878762,2.720252450197057e-16,
6046.20332479477,2.67237186893229e-16,
6049.70512080193,2.787717687429781e-16,
6053.20691680909,2.989563577950658e-16,
6056.70871281624,2.910558504166957e-16,
6060.2105088234,2.6421983491722213e-16,
6063.71230483055,2.618066454190174e-16,
6067.21410083771,2.646049660682182e-16,
6070.71589684487,2.7714639993867453e-16,
6074.21769285202,2.6868146075032544e-16,
6077.71948885918,2.548581361070695e-16,
6081.22128486634,2.3130028519334555e-16,
6084.72308087349,2.1722499121802364e-16,
6088.22487688065,2.2648505641661557e-16,
6091.72667288781,2.353658859826626e-16,
6095.22846889496,2.3438607644876407e-16,
6098.73026490212,2.36862194198263e-16,
6102.23206090928,2.318936819418021e-16,
6105.73385691643,2.2186027851854783e-16,
6109.23565292359,2.321446259663114e-16,
6112.73744893074,2.3438787073698836e-16,
6116.2392449379,2.3373000777590253e-16,
6119.74104094506,2.4815352183017836e-16,
6123.24283695221,2.612304225721361e-16,
6126.74463295937,2.4385133132214628e-16,
6130.24642896653,2.3143267803160814e-16,
6133.74822497368,2.495876707751521e-16,
6137.25002098084,2.5561840166038353e-16,
6140.751816988,2.4006704929370657e-16,
6144.25361299515,2.2983973457878605e-16,
6147.75540900231,2.2888414793591524e-16,
6151.25720500946,2.2899795707471207e-16,
6154.75900101662,2.3277249868136287e-16,
6158.26079702378,2.352531021514225e-16,
6161.76259303093,2.382281601907143e-16,
6165.26438903809,2.3585098462043967e-16,
6168.76618504525,2.2028771305341572e-16,
6172.2679810524,2.1240489223039914e-16,
6175.76977705956,2.1219034662415376e-16,
6179.27157306672,2.1286781859226198e-16,
6182.77336907387,2.1101572865447684e-16,
6186.27516508103,1.98550295706663e-16,
6189.77696108819,1.9670269148943852e-16,
6193.27875709534,2.1694572307225975e-16,
6196.7805531025,2.30115542311546e-16,
6200.28234910965,2.1900595044406072e-16,
6203.78414511681,2.1085872843485285e-16,
6207.28594112397,2.0416500805075193e-16,
6210.78773713112,2.150853025105762e-16,
6214.28953313828,2.2584295755921446e-16,
6217.79132914544,2.230912884038448e-16,
6221.29312515259,2.3778548365309686e-16,
6224.79492115975,2.347432679688393e-16,
6228.2967171669,2.393181902869611e-16,
6231.79851317406,2.4846252389508733e-16,
6235.30030918122,2.6818239229708793e-16,
6238.80210518837,2.615656981431862e-16,
6242.30390119553,2.510569365039438e-16,
6245.80569720269,2.6769306426563933e-16,
6249.30749320984,2.752040829358973e-16,
6252.809289217,2.639336459454503e-16,
6256.31108522416,2.805449099988952e-16,
6259.81288123131,2.8145974066638605e-16,
6263.31467723847,2.692011635181421e-16,
6266.81647324562,2.5815193663305923e-16,
6270.31826925278,2.4085858672750085e-16,
6273.82006525994,2.6271724669283674e-16,
6277.32186126709,2.725073958982572e-16,
6280.82365727425,2.745003374616479e-16,
6284.32545328141,2.588509400598588e-16,
6287.82724928856,2.394653219213516e-16,
6291.32904529572,2.486636123396507e-16,
6294.83084130288,2.5911175266960156e-16,
6298.33263731003,2.7698619563293573e-16,
6301.83443331719,2.8415617137713693e-16,
6305.33622932435,2.7523522665293293e-16,
6308.8380253315,2.66303900689717e-16,
6312.33982133866,2.538251387436657e-16,
6315.84161734581,2.5097593720696226e-16,
6319.34341335297,2.674550647490338e-16,
6322.84520936013,2.802430850868833e-16,
6326.34700536728,2.791224239273792e-16,
6329.84880137444,2.7012599093431107e-16,
6333.3505973816,2.558819057024627e-16,
6336.85239338875,2.4809853971244876e-16,
6340.35418939591,2.445974988965553e-16,
6343.85598540306,2.2806543985186766e-16,
6347.35778141022,2.254275798352949e-16,
6350.85957741738,2.459637212158958e-16,
6354.36137342453,2.540368647541301e-16,
6357.86316943169,2.507008984548699e-16,
6361.36496543885,2.5439943913887816e-16,
6364.866761446,2.5492183333903125e-16,
6368.36855745316,2.3956964696524877e-16,
6371.87035346032,2.406318655940193e-16,
6375.37214946747,2.4457250702486004e-16,
6378.87394547463,2.4772135469501736e-16,
6382.37574148179,2.4929904669793307e-16,
6385.87753748894,2.527087069778331e-16,
6389.3793334961,2.6209052744878655e-16,
6392.88112950325,2.588734968261068e-16,
6396.38292551041,2.480440702484976e-16,
6399.88472151757,2.3990671682452314e-16,
6403.38651752472,2.4021046418820393e-16,
6406.88831353188,2.4098239261497577e-16,
6410.39010953904,2.363706873882564e-16,
6413.89190554619,2.39225143626188e-16,
6417.39370155335,2.484887974012285e-16,
6420.89549756051,2.503342228398949e-16,
6424.39729356766,2.39531326095316e-16,
6427.89908957482,2.368964138379688e-16,
6431.40088558197,2.3968704468049417e-16,
6434.90268158913,2.515402408534966e-16,
6438.40447759629,2.5278970627481467e-16,
6441.90627360344,2.4545657846564905e-16,
6445.4080696106,2.44567508650521e-16,
6448.90986561776,2.4191439718404185e-16,
6452.41166162491,2.4320243980218183e-16,
6455.91345763207,2.4618326519648025e-16,
6459.41525363923,2.510150270575625e-16,
6462.91704964638,2.515102506074623e-16,
6466.41884565354,2.650467454617235e-16,
6469.92064166069,2.6945262019642976e-16,
6473.42243766785,2.6682578223609177e-16,
6476.92423367501,2.812742881620628e-16,
6480.42602968216,2.754959110992311e-16,
6483.92782568932,2.5982139366230213e-16,
6487.42962169648,2.5207429792710747e-16,
6490.93141770363,2.5748766549974387e-16,
6494.43321371079,2.79537417160965e-16,
6497.93500971795,2.7549668007989864e-16,
6501.4368057251,2.6875002819318167e-16,
6504.93860173226,2.767431977419911e-16,
6508.44039773942,2.7711461540441594e-16,
6511.94219374657,2.7682073662596874e-16,
6515.44398975373,2.6786736655028314e-16,
6518.94578576088,2.707680897917122e-16,
6522.44758176804,2.615305813593683e-16,
6525.9493777752,2.430207040377517e-16,
6529.45117378235,2.4505863097019383e-16,
6532.95296978951,2.644027241526535e-16,
6536.45476579667,2.583267515714814e-16,
6539.95656180382,2.5175106971984887e-16,
6543.45835781098,2.4153247011916055e-16,
6546.96015381814,2.3856817780921433e-16,
6550.46194982529,2.2129200180523115e-16,
6553.96374583245,2.1797410655165826e-16,
6557.4655418396,2.2250878554817847e-16,
6560.96733784676,2.160208956560908e-16,
6564.46913385392,2.3328451164250405e-16,
6567.97092986107,2.319439220120818e-16,
6571.47272586823,2.0986366745104798e-16,
6574.97452187539,2.1020637650188443e-16,
6578.47631788254,2.057606429359104e-16,
6581.9781138897,2.1191466705483842e-16,
6585.47990989686,2.282810107656698e-16,
6588.98170590401,2.363337763162141e-16,
6592.48350191117,2.427442554877688e-16,
6595.98529791832,2.4665798259524546e-16,
6599.48709392548,2.407072256994388e-16,
6602.98888993264,2.330467684527877e-16,
6606.4906859398,2.432815166474945e-16,
6609.99248194695,2.52252445115089e-16,
6613.49427795411,2.526602611957777e-16,
6616.99607396126,2.5441225548333726e-16,
6620.49786996842,2.507751050892881e-16,
6623.99966597558,2.4386581379138504e-16,
6627.50146198273,2.463410343967718e-16,
6631.00325798989,2.5331338210941367e-16,
6634.50505399704,2.5436047745172247e-16,
6638.0068500042,2.65317042166366e-16,
6641.50864601136,2.635327506907695e-16,
6645.01044201851,2.698708175161303e-16,
6648.51223802567,2.772323976099951e-16,
6652.01403403283,2.7793934717035934e-16,
6655.51583003998,2.8806605358127585e-16,
6659.01762604714,2.917203778769002e-16,
6662.5194220543,2.893580692661981e-16,
6666.02121806145,2.6989491224371343e-16,
6669.52301406861,2.6439362454808755e-16,
6673.02481007577,2.6166963869674956e-16,
6676.52660608292,2.6410371883642263e-16,
6680.02840209008,2.6491448078690555e-16,
6683.53019809723,2.7046370161080845e-16,
6687.03199410439,2.669652240638068e-16,
6690.53379011155,2.553946282861276e-16,
6694.0355861187,2.4296764437169104e-16,
6697.53738212586,2.3658100360083026e-16,
6701.03917813302,2.468826531136136e-16,
6704.54097414017,2.534801227508266e-16,
6708.04277014733,2.569138777583098e-16,
6711.54456615448,2.553200371613756e-16,
6715.04636216164,2.6766704708638737e-16,
6718.5481581688,2.6836951092619084e-16,
6722.04995417595,2.602402317992257e-16,
6725.55175018311,2.484841835172232e-16,
6729.05354619027,2.3377524947184317e-16,
6732.55534219742,2.3326746590437347e-16,
6736.05713820458,2.344010715717812e-16,
6739.55893421173,2.407319612442449e-16,
6743.06073021889,2.4580031282404223e-16,
6746.56252622605,2.439018277193151e-16,
6750.0643222332,2.439090048722122e-16,
6753.56611824036,2.323204662122903e-16,
6757.06791424752,2.324727243844644e-16,
6760.56971025467,2.356306716591877e-16,
6764.07150626183,2.3490552288969154e-16,
6767.57330226899,2.468534318482468e-16,
6771.07509827614,2.2884569890253794e-16,
6774.5768942833,2.3568385948869296e-16,
6778.07869029046,2.4008832442550867e-16,
6781.58048629761,2.4118514718431884e-16,
6785.08228230477,2.603484017464605e-16,
6788.58407831193,2.505714533758329e-16,
6792.08587431908,2.5986509739690773e-16,
6795.58767032624,2.528525063626643e-16,
6799.08946633339,2.3967128057680945e-16,
6802.59126234055,2.536446846136815e-16,
6806.09305834771,2.525400438847513e-16,
6809.59485435486,2.462238930084156e-16,
6813.09665036202,2.492861021900294e-16,
6816.59844636918,2.4353348597956044e-16,
6820.10024237633,2.3350226133486426e-16,
6823.60203838349,2.3266458506101724e-16,
6827.10383439065,2.2485904679508902e-16,
6830.6056303978,2.319464852809736e-16,
6834.10742640496,2.32341228690314e-16,
6837.60922241211,2.2953701252266203e-16,
6841.11101841927,2.3879515526958507e-16,
6844.61281442643,2.318770206940053e-16,
6848.11461043358,2.309853876099854e-16,
6851.61640644074,2.418032794775814e-16,
6855.1182024479,2.330033210450713e-16,
6858.61999845505,2.1258739697549678e-16,
6862.12179446221,2.1980722829964392e-16,
6865.62359046937,2.384953809726866e-16,
6869.12538647652,2.1552759455785987e-16,
6872.62718248368,2.025498923220156e-16,
6876.12897849083,2.229850409082788e-16,
6879.63077449799,2.2042894916935506e-16,
6883.13257050515,2.111064683732473e-16,
6886.6343665123,2.1634373937301564e-16,
6890.13616251946,2.077587110370847e-16,
6893.63795852662,1.9547629548814688e-16,
6897.13975453377,1.8886524052580717e-16,
6900.64155054093,1.8488563740781074e-16,
6904.14334654809,1.8460662558893604e-16,
6907.64514255524,1.8903967097389557e-16,
6911.1469385624,1.9071181943547488e-16,
6914.64873456955,1.9317935023418624e-16,
6918.15053057671,2.0537269218913332e-16,
6921.65232658387,2.0112433032782948e-16,
6925.15412259102,1.86524591537241e-16,
6928.65591859818,1.810834124971283e-16,
6932.15771460534,1.854072626272963e-16,
6935.65951061249,1.8879962084217656e-16,
6939.16130661965,1.9070425779224402e-16,
6942.66310262681,1.8625634544771193e-16,
6946.16489863396,1.7072280779983312e-16,
6949.66669464112,1.8088821957101615e-16,
6953.16849064828,1.9373122202659522e-16,
6956.67028665543,1.7754251284996704e-16,
6960.17208266259,1.80003250986115e-16,
6963.67387866974,1.9363138270325881e-16,
6967.1756746769,2.033967963638732e-16,
6970.67747068406,2.0217693669825569e-16,
6974.17926669121,2.0884207663421278e-16,
6977.68106269837,2.0102308120660254e-16,
6981.18285870553,2.1012563353179207e-16,
6984.68465471268,2.2814605465851547e-16,
6988.18645071984,2.297533524171317e-16,
6991.688246727,2.300253152465539e-16,
6995.19004273415,2.278405130066104e-16,
6998.69183874131,2.385748423083331e-16,
7002.19363474846,2.4545273356231133e-16,
7005.69543075562,2.3469930790734457e-16,
7009.19722676278,2.4131510491713414e-16,
7012.69902276993,2.3296025812768873e-16,
7016.20081877709,2.405359993374652e-16,
7019.70261478425,2.330135741206386e-16,
7023.2044107914,2.277705357658637e-16,
7026.70620679856,2.421913583878031e-16,
7030.20800280572,2.573739845243916e-16,
7033.70979881287,2.555090782421474e-16,
7037.21159482003,2.546062949384481e-16,
7040.71339082719,2.6350673351151755e-16,
7044.21518683434,2.4934108430775895e-16,
7047.7169828415,2.417705977992107e-16,
7051.21877884866,2.5453144748680694e-16,
7054.72057485581,2.5074473035292e-16,
7058.22237086297,2.5231832112560885e-16,
7061.72416687012,2.618066454190174e-16,
7065.22596287728,2.6612511268451253e-16,
7068.72775888444,2.5898128228300787e-16,
7072.22955489159,2.6355569194735134e-16,
7075.73135089875,2.7289188623203033e-16,
7079.2331469059,2.4776634006406877e-16,
7082.73494291306,2.53411683471415e-16,
7086.23673892022,2.7301889620562006e-16,
7089.73853492737,2.759713974786639e-16,
7093.24033093453,2.6969305481848256e-16,
7096.74212694169,2.570963825034074e-16,
7100.24392294884,2.5059721422819573e-16,
7103.745718956,2.702267274017596e-16,
7107.24751496316,2.682172527540167e-16,
7110.74931097031,2.5309345363849545e-16,
7114.25110697747,2.4507593303521365e-16,
7117.75290298462,2.516462320221734e-16,
7121.25469899178,2.629064159370531e-16,
7124.75649499894,2.6988581263914747e-16,
7128.25829100609,2.643704269646166e-16,
7131.76008701325,2.569715513083758e-16,
7135.26188302041,2.502000357134081e-16,
7138.76367902757,2.4788476308687093e-16,
7142.26547503472,2.518938437971233e-16,
7145.76727104187,2.442232616383495e-16,
7149.26906704903,2.415287533792674e-16,
7152.77086305619,2.4635628584667815e-16,
7156.27265906335,2.452975276309116e-16,
7159.7744550705,2.5130954665323273e-16,
7163.27625107766,2.5311242182829494e-16,
7166.77804708481,2.487922884380201e-16,
7170.27984309197,2.6724051914278837e-16,
7173.78163909913,2.6999334176915934e-16,
7177.28343510628,2.700067989308414e-16,
7180.78523111344,2.76167231221999e-16,
7184.2870271206,2.660080994596009e-16,
7187.78882312775,2.659173597408304e-16,
7191.29061913491,2.7239666268213054e-16,
7194.79241514207,2.8712072001397234e-16,
7198.29421114922,2.882292056462402e-16,
7201.79600715638,2.9231005788546357e-16,
7205.29780316353,2.9271543886070503e-16,
7208.79959917069,2.9508953850830955e-16,
7212.30139517785,3.028379158779501e-16,
7215.803191185,3.017610866164962e-16,
7219.30498719216,2.9877000814663044e-16,
7222.80678319932,2.9785543380602875e-16,
7226.30857920647,2.989135512045724e-16,
7229.81037521363,3.009616030491373e-16,
7233.31217122078,2.9963036935017014e-16,
7236.81396722794,2.930552001523159e-16,
7240.3157632351,2.8845208187638406e-16,
7243.81755924225,2.88876431041425e-16,
7247.31935524941,2.882613746708326e-16,
7250.82115125657,3.062104087589188e-16,
7254.32294726372,2.923919543265573e-16,
7257.82474327088,2.837942378096119e-16,
7261.32653927804,2.800444317477672e-16,
7264.82833528519,2.9333690340352703e-16,
7268.33013129235,2.909449890371244e-16,
7271.83192729951,2.9908157348043127e-16,
7275.33372330666,2.999266832340646e-16,
7278.83551931382,2.8198008425142566e-16,
7282.33731532098,2.996820192183403e-16,
7285.83911132813,2.961138207574811e-16,
7289.34090733529,2.7532071167047516e-16,
7292.84270334244,2.874943164549552e-16,
7296.3444993496,3.041327511586534e-16,
7299.84629535676,3.0167278200317296e-16,
7303.34809136391,2.8917351390598707e-16,
7306.84988737107,2.8661960094562136e-16,
7310.35168337823,3.0627077374132115e-16,
7313.85347938538,3.145757649508206e-16,
7317.35527539254,2.9723499457076356e-16,
7320.85707139969,2.916119516027762e-16,
7324.35886740685,3.0040204145005275e-16,
7327.86066341401,2.9514951900037815e-16,
7331.36245942116,2.839026640837359e-16,
7334.86425542832,2.8997966197246474e-16,
7338.36605143548,3.026447735669514e-16,
7341.86784744263,3.1660138819258206e-16,
7345.36964344979,2.976125640785287e-16,
7348.87143945695,3.0236794052663476e-16,
7352.3732354641,3.010072292354117e-16,
7355.87503147126,2.9673733591541653e-16,
7359.37682747842,2.9173767994192e-16,
7362.87862348557,2.794914064843568e-16,
7366.38041949273,2.5355253509702056e-16,
7369.88221549988,2.558703709924495e-16,
7373.38401150704,2.754730980060939e-16,
7376.8858075142,2.8576423811642075e-16,
7380.38760352135,2.950891540179758e-16,
7383.88939952851,2.837960320978361e-16,
7387.39119553567,2.6499009721921425e-16,
7390.89299154282,2.5589972042126087e-16,
7394.39478754998,2.495589621635637e-16,
7397.89658355713,2.571040723100829e-16,
7401.39837956429,2.69162970811654e-16,
7404.90017557145,2.819258711143637e-16,
7408.4019715786,2.8946893064576937e-16,
7411.90376758576,2.755649911958657e-16,
7415.40556359292,2.7812300538645825e-16,
7418.90735960007,2.7236949203187724e-16,
7422.40915560723,2.66427706577192e-16,
7425.91095161439,2.703015748534008e-16,
7429.41274762154,2.6581982735949665e-16,
7432.9145436287,2.811538145241472e-16,
7436.41633963586,2.9041003481940145e-16,
7439.91813564301,2.711951303890895e-16,
7443.41993165017,2.6169373342433267e-16,
7446.92172765732,2.7412263979043814e-16,
7450.42352366448,2.761036621534818e-16,
7453.92531967164,2.754473371537311e-16,
7457.42711567879,2.6617330213967875e-16,
7460.92891168595,2.5592278984128727e-16,
7464.43070769311,2.5370389612508254e-16,
7467.93250370026,2.6452512024223796e-16,
7471.43429970742,2.7596037542242903e-16,
7474.93609571457,2.7165587797239433e-16,
7478.43789172173,2.6607077138400593e-16,
7481.93968772889,2.6661597867729623e-16,
7485.44148373604,2.5538091479755635e-16,
7488.9432797432,2.450868269280039e-16,
7492.44507575036,2.5667139252114353e-16,
7495.94687175751,2.627658206383367e-16,
7499.44866776467,2.7010920152306964e-16,
7502.95046377183,2.672589746788095e-16,
7506.45225977898,2.564828640941501e-16,
7509.95405578614,2.5060105913153344e-16,
7513.45585179329,2.592072344358219e-16,
7516.95764780045,2.641066665956482e-16,
7520.45944380761,2.8000034352282783e-16,
7523.96123981477,2.9955513740819515e-16,
7527.46303582192,2.977422654844549e-16,
7530.96483182908,2.8331349672895086e-16,
7534.46662783623,2.80870573311601e-16,
7537.96842384339,2.787822781454346e-16,
7541.47021985055,2.538578204220364e-16,
7544.9720158577,2.505136516623224e-16,
7548.47381186486,2.5052134146899783e-16,
7551.97560787201,2.348846322482232e-16,
7555.47740387917,2.344126062817944e-16,
7558.97919988633,2.3159083172223347e-16,
7562.48099589348,2.204412528600358e-16,
7565.98279190064,2.168452429317004e-16,
7569.4845879078,2.197864658216202e-16,
7572.98638391495,2.25440396179754e-16,
7576.48817992211,2.3587853976102673e-16,
7579.98997592927,2.2564430422009835e-16,
7583.49177193642,2.1855109837920712e-16,
7586.99356794358,2.0298218762062122e-16,
7590.49536395074,1.859695156587172e-16,
7593.99715995789,1.779635297654486e-16,
7597.49895596505,1.8358234333976444e-16,
7601.0007519722,1.8121875309461647e-16,
7604.50254797936,2.032365920581344e-16,
7608.00434398652,2.072725870917509e-16,
7611.50613999367,1.8634516271481352e-16,
7615.00793600083,1.8530767963084904e-16,
7618.50973200798,1.6221057630042993e-16,
7622.01152801514,1.515486593449012e-16,
7625.5133240223,1.7925708341170598e-16,
7629.01512002946,1.7133863315109307e-16,
7632.51691603661,1.486028225709761e-16,
7636.01871204377,1.593169020484534e-16,
7639.52050805093,1.779535330167705e-16,
7643.02230405808,1.9000602334611202e-16,
7646.52410006524,1.814941763370426e-16,
7650.02589607239,1.69179719926957e-16,
7653.52769207955,1.6656621096485647e-16,
7657.02948808671,1.7795827506422038e-16,
7660.53128409386,1.934873269915385e-16,
7664.03308010102,1.7734027093440235e-16,
7667.53487610818,1.714341149173134e-16,
7671.03667211533,1.742164151359403e-16,
7674.53846812249,1.8470108204759964e-16,
7678.04026412964,1.8789594039436512e-16,
7681.5420601368,1.9014469619315955e-16,
7685.04385614396,1.9355076789661106e-16,
7688.54565215111,1.9230322492696186e-16,
7692.04744815827,1.8710324948956953e-16,
7695.54924416543,1.7752610792905936e-16,
7699.05104017258,1.7043277392472358e-16,
7702.55283617974,1.6832499791497932e-16,
7706.05463218689,1.7642595292068986e-16,
7709.55642819405,1.8648550168664072e-16,
7713.05822420121,1.8788966038558014e-16,
7716.56002020837,1.8976725484883892e-16,
7720.06181621552,1.8133012712796605e-16,
7723.56361222268,1.9169842163193675e-16,
7727.06540822983,1.9354589768571658e-16,
7730.56720423699,2.0835966942877212e-16,
7734.06900024415,2.1490049082347594e-16,
7737.5707962513,2.151337482926316e-16,
7741.07259225846,2.0898856745138036e-16,
7744.57438826562,2.2388602992375383e-16,
7748.07618427277,2.3587815527069297e-16,
7751.57798027993,2.3330617126463996e-16,
7755.07977628708,2.343037955173366e-16,
7758.58157229424,2.283599594475379e-16,
7762.0833683014,2.1679308040975181e-16,
7765.58516430855,2.1988745861595794e-16,
7769.08696031571,2.2814323506273446e-16,
7772.58875632287,2.264932588770694e-16,
7776.09055233002,2.321566733301029e-16,
7779.59234833718,2.312727300527585e-16,
7783.09414434434,2.157904577827161e-16,
7786.59594035149,2.2953393659999183e-16,
7790.09773635865,2.3646668180825505e-16,
7793.5995323658,2.20876495917867e-16,
7797.10132837296,2.268239205641143e-16,
7800.60312438012,2.4724625280591834e-16,
7804.10492038727,2.532630138756894e-16,
7807.60671639443,2.587231611056015e-16,
7811.10851240159,2.493613341320043e-16,
7814.61030840874,2.450852889666688e-16,
7818.1121044159,2.482918101868921e-16,
7821.61390042306,2.443670610231806e-16,
7825.11569643021,2.537649019247079e-16,
7828.61749243737,2.5240188369148218e-16,
7832.11928844453,2.4788040552975483e-16,
7835.62108445168,2.460016575954947e-16,
7839.12288045884,2.3699574050752686e-16,
7842.62467646599,2.3238211282913856e-16,
7846.12647247315,2.4129639305422385e-16,
7849.62826848031,2.4509900245524004e-16,
7853.13006448746,2.3583663031464547e-16,
7856.63186049462,2.439051599688745e-16,
7860.13365650178,2.4421198325522547e-16,
7863.63545250893,2.432853615508322e-16,
7867.13724851609,2.3270252144061616e-16,
7870.63904452324,2.4944720363988034e-16,
7874.1408405304,2.6424187902969176e-16,
7877.64263653756,2.4886854568755174e-16,
7881.14443254471,2.5443942613359056e-16,
7884.64622855187,2.3834812117485154e-16,
7888.14802455903,2.2892605738229655e-16,
7891.64982056619,2.3185561739875856e-16,
7895.15161657334,2.3406207926083794e-16,
7898.6534125805,2.3799041700099797e-16,
7902.15520858765,2.376272017990269e-16,
7905.65700459481,2.419052975794759e-16,
7909.15880060197,2.2838533580956693e-16,
7912.66059660912,2.0933717202066798e-16,
7916.16239261628,2.1819877707002638e-16,
7919.66418862343,2.2469807350868265e-16,
7923.16598463059,2.457018832985963e-16,
7926.66778063775,2.519238340431576e-16,
7930.1695766449,2.279677793070893e-16,
7933.67137265206,2.3241979288184834e-16,
7937.17316865922,2.2405161709416545e-16,
7940.67496466637,2.1495662641220677e-16,
7944.17676067353,2.0601299675831016e-16,
7947.67855668069,2.127031285659625e-16,
7951.18035268784,1.9879034583838203e-16,
7954.682148695,1.9147477642112536e-16,
7958.18394470216,2.170720922286265e-16,
7961.68574070931,2.191383432823233e-16,
7965.18753671647,2.1141752105326977e-16,
7968.68933272362,2.026658802393705e-16,
7972.19112873078,1.9440382378380902e-16,
7975.69292473794,2.0677659456118357e-16,
7979.19472074509,2.2075973901984455e-16,
7982.69651675225,2.192729148991439e-16,
7986.1983127594,2.02424420309761e-16,
7989.70010876656,2.0803785101940402e-16,
7993.20190477372,2.229096808028593e-16,
7996.70370078087,1.9902270616342558e-16,
8000.20549678803,2.0297116556438638e-16,
8003.70729279519,2.017847565578071e-16,
8007.20908880234,1.9744232272817344e-16,
8010.7108848095,2.0603324658255553e-16,
8014.21268081666,2.0439198551112264e-16,
8017.71447682381,2.0952928902410997e-16,
8021.21627283097,2.031463649931423e-16,
8024.71806883812,1.96641429362924e-16,
8028.21986484528,2.2067386951196855e-16,
8031.72166085244,2.3132553339193e-16,
8035.22345685959,2.0977600365494772e-16,
8038.72525286675,2.1325769179070793e-16,
8042.22704887391,2.259435658632184e-16,
8045.72884488106,2.0792724596672196e-16,
8049.23064088822,2.1063290444548342e-16,
8052.73243689538,2.2434908444906127e-16,
8056.23423290253,2.0533052641586287e-16,
8059.73602890969,1.848361663181986e-16,
8063.23782491685,1.941381409631718e-16,
8066.739620924,2.0066371090796928e-16,
8070.24141693116,1.9137070770411743e-16,
8073.74321293831,1.9928787633028444e-16,
8077.24500894547,1.8646256043005892e-16,
8080.74680495263,1.932581707526097e-16,
8084.24860095978,1.9911177975741634e-16,
8087.75039696694,1.8715976956863418e-16,
8091.2521929741,1.8335485322561534e-16,
8094.75398898125,1.847928470739268e-16,
8098.25578498841,1.8380496324301908e-16,
8101.75758099557,1.8874720199333882e-16,
8105.25937700272,2.0046903063563546e-16,
8108.76117300988,2.0373207193492338e-16,
8112.26296901704,1.9605046771991471e-16,
8115.76476502419,1.8994130080659356e-16,
8119.26656103135,1.7392266452093765e-16,
8122.7683570385,1.6336058688874536e-16,
8126.27015304566,1.7524197901955782e-16,
8129.77194905282,1.757502752408059e-16,
8133.27374505997,1.8066188292786839e-16,
8136.77554106713,1.861424081454705e-16,
8140.27733707428,1.8306379404294909e-16,
8143.77913308144,1.925817240920582e-16,
8147.2809290886,1.7793584646141694e-16,
8150.78272509576,1.6507861786348826e-16,
8154.28452110291,1.7266986685006021e-16,
8157.78631711007,1.839173625839254e-16,
8161.28811311722,1.820466889466746e-16,
8164.78990912438,1.6817389321380648e-16,
8168.29170513154,1.760676079296133e-16,
8171.79350113869,1.7798429224347234e-16,
8175.29529714585,1.6464145235398822e-16,
8178.79709315301,1.6203281360278214e-16,
8182.29888916016,1.5901687142466575e-16,
8185.80068516732,1.7083956469785556e-16,
8189.30248117448,1.8149225388537374e-16,
8192.80427718163,1.75786289168736e-16,
8196.30607318879,1.733423404438294e-16,
8199.80786919594,1.753396395643362e-16,
8203.3096652031,1.6964533772115625e-16,
8206.81146121026,1.7308665437187027e-16,
8210.31325721741,1.8399285085278956e-16,
8213.81505322457,1.6403869967407656e-16,
8217.31684923173,1.4445058329311556e-16,
8220.81864523888,1.6355744593963718e-16,
8224.32044124604,1.691249941361166e-16,
8227.82223725319,1.5993439352449303e-16,
8231.32403326035,1.723311308660061e-16,
8234.82582926751,1.711925268242593e-16,
8238.32762527466,1.838931396928977e-16,
8241.82942128182,1.8918821240617658e-16,
8245.33121728898,1.6465606298667158e-16,
8248.83301329613,1.55505577533205e-16,
8252.33480930329,1.45946250691493e-16,
8255.83660531045,1.4824883513701565e-16,
8259.3384013176,1.4850798162197875e-16,
8262.84019732476,1.4306065073652569e-16,
8266.34199333192,1.3206679045950616e-16,
8269.84378933907,1.3732033821673754e-16,
8273.34558534623,1.592324423384679e-16,
8276.84738135338,1.6836959879369701e-16,
8280.34917736054,1.6330816803990761e-16,
8283.8509733677,1.6224735920902757e-16,
8287.35276937485,1.6232284747789168e-16,
8290.85456538201,1.509132249866188e-16,
8294.35636138917,1.6101993790017914e-16,
8297.85815739632,1.5237659519695933e-16,
8301.35995340348,1.4618002081442706e-16,
8304.86174941064,1.597588096054033e-16,
8308.36354541779,1.6095944475433218e-16,
8311.86534142495,1.604883159320155e-16,
8315.36713743211,1.5357043768332488e-16,
8318.86893343926,1.528916840807707e-16,
8322.37072944642,1.5046901048766623e-16,
8325.87252545357,1.56873209650436e-16,
8329.37432146073,1.7037163996165366e-16,
8332.87611746789,1.5486424765647144e-16,
8336.37791347504,1.347331027607782e-16,
8339.8797094822,1.527328895729224e-16,
8343.38150548936,1.6684112155350424e-16,
8346.88330149651,1.4127289884792527e-16,
8350.38509750367,1.2808676440214258e-16,
8353.88689351083,1.3640294428035488e-16,
8357.38868951798,1.7041367757147952e-16,
8360.89048552514,1.8152288494863102e-16,
8364.3922815323,1.7385819830830836e-16,
8367.89407753945,1.6379236953357257e-16,
8371.39587354661,1.6089485037825831e-16,
8374.89766955376,1.4954982226305928e-16,
8378.39946556092,1.344624215658019e-16,
8381.90126156808,1.2848782626930132e-16,
8385.40305757523,1.1498728126124792e-16,
8388.90485358239,1.2413624156972386e-16,
8392.40664958955,1.4198792270529868e-16,
8395.9084455967,1.2677270460475063e-16,
8399.41024160386,1.346714561439299e-16,
8402.91203761102,1.115105402344489e-16,
8406.41383361817,1.12810450787558e-16,
8409.91562962533,1.166100739803152e-16,
8413.41742563249,1.3167038092538606e-16,
8416.91922163964,1.0922796210262691e-16,
8420.4210176468,9.809571093813798e-17,
8423.92281365395,1.1870864785473786e-16,
8427.42460966111,1.362695261345356e-16,
8430.92640566827,1.265613118192422e-16,
8434.42820167542,1.1943493727889082e-16,
8437.92999768258,1.456130257355563e-16,
8441.43179368973,1.5918630349841513e-16,
8444.93358969689,1.540004260399278e-16,
8448.43538570405,1.733611804701843e-16,
8451.93718171121,1.7733604154073085e-16,
8455.43897771836,1.7358367220999433e-16,
8458.94077372552,1.751381666294391e-16,
8462.44256973267,1.6731276302959928e-16,
8465.94436573983,1.9682431859835542e-16,
8469.44616174699,1.9917906556582664e-16,
8472.94795775414,2.0125928643498384e-16,
8476.4497537613,2.0394405427227697e-16,
8479.95154976845,2.0379153977321363e-16,
8483.45334577561,2.1997550690239196e-16,
8486.95514178277,2.2545731375443997e-16,
8490.45693778993,2.0872429442863363e-16,
8493.95873379708,2.1478796331912497e-16,
8497.46052980424,2.371526125637063e-16,
8500.96232581139,2.2443738906238446e-16,
8504.46412181855,2.0949814530707435e-16,
8507.96591782571,2.242550124807314e-16,
8511.46771383286,2.2159895325502667e-16,
8514.96950984002,2.2241535439707166e-16,
8518.47130584718,2.2920596634528337e-16,
8521.97310185433,2.3220781054449475e-16,
8525.47489786149,2.372100297868831e-16,
8528.97669386864,2.389149880902777e-16,
8532.4784898758,2.2930939424506833e-16,
8535.98028588296,2.1312914385578315e-16,
8539.48208189011,2.123500382761142e-16,
8542.98387789727,2.1924651322955811e-16,
8546.48567390443,2.2388602992375383e-16,
8549.98746991158,2.329377013614407e-16,
8553.48926591874,2.2448993607466683e-16,
8556.9910619259,2.172744623076358e-16,
8560.49285793305,2.3563387574530246e-16,
8563.99465394021,2.530060461692843e-16,
8567.49644994737,2.3497844788966387e-16,
8570.99824595452,2.269050480245404e-16,
8574.50004196168,2.4992679124954e-16,
8578.00183796883,2.458511937115449e-16,
8581.50363397599,2.4895902907943303e-16,
8585.00542998315,2.715415561798191e-16,
8588.5072259903,2.6339510315127873e-16,
8592.00902199746,2.5010609190852284e-16,
8595.51081800462,2.671483696261274e-16,
8599.01261401177,2.8621614242204876e-16,
8602.51441001893,2.966249365745102e-16,
8606.01620602609,2.976630604756976e-16,
8609.51800203324,2.9071121891419038e-16,
8613.0197980404,2.8866291074273637e-16,
8616.52159404755,3.003732046750198e-16,
8620.02339005471,3.151944098978616e-16,
8623.52518606187,3.359083139761103e-16,
8627.02698206902,3.277278976347533e-16,
8630.52877807618,3.2256880633618547e-16,
8634.03057408334,3.3216350628860465e-16,
8637.53237009049,3.406758659514525e-16,
8641.03416609765,3.3932207548623723e-16,
8644.5359621048,3.300595751821981e-16,
8648.03775811196,3.43967231371995e-16,
8651.53955411912,3.624749299150535e-16,
8655.04135012627,3.4878028137016695e-16,
8658.54314613343,3.5633115887169274e-16,
8662.04494214059,3.753552279330086e-16,
8665.54673814774,3.6193895038977377e-16,
8669.0485341549,3.6317957253341506e-16,
8672.55033016206,3.878537270495269e-16,
8676.05212616921,3.756811475726036e-16,
8679.55392217637,3.7838129502324764e-16,
8683.05571818352,3.978085662812469e-16,
8686.55751419068,3.8565918438779447e-16,
8690.05931019784,3.7168757463914675e-16,
8693.56110620499,3.940253095603639e-16,
8697.06290221215,4.065695630266013e-16,
8700.56469821931,3.7765153236974625e-16,
8704.06649422646,3.917852688758017e-16,
8707.56829023362,4.0814174400139956e-16,
8711.07008624078,4.204297987418995e-16,
8714.57188224793,4.02896398704622e-16,
8718.07367825509,3.8387245780675085e-16,
8721.57547426225,3.6840223290049997e-16,
8725.0772702694,3.831075783694315e-16,
8728.57906627656,3.9805810050786564e-16,
8732.08086228371,3.873520953273976e-16,
8735.58265829087,3.7627198105216827e-16,
8739.08445429803,3.6459424063481096e-16,
8742.58625030518,3.5521998180708843e-16,
8746.08804631234,3.6470715262949564e-16,
8749.5898423195,3.7106611009632474e-16,
8753.09163832665,3.649519448086646e-16,
8756.59343433381,3.53066195120736e-16,
8760.09523034096,3.526808076428507e-16,
8763.59702634812,3.555378271496742e-16,
8767.09882235528,3.382191008820868e-16,
8770.60061836243,3.2254073854182013e-16,
8774.10241436959,3.4975317007805752e-16,
8777.60421037675,3.967421182588048e-16,
8781.1060063839,3.936678617133995e-16,
8784.60780239106,3.5531238765063852e-16,
8788.10959839822,3.574856551805689e-16,
8791.61139440537,3.8345733640972043e-16,
8795.11319041253,3.8600522568819033e-16,
8798.61498641968,3.732387368090321e-16,
8802.11678242684,3.5719421150756883e-16,
8805.618578434,3.7594260099956933e-16,
8809.12037444115,3.677095094824854e-16,
8812.62217044831,3.082652532660469e-16,
8816.12396645547,2.6439529067286727e-16,
8819.62576246262,3.065977186884729e-16,
8823.12755846978,3.6535219924612237e-16,
8826.62935447694,3.6900472925352244e-16,
8830.13115048409,3.4162978646954357e-16,
8833.63294649125,3.1108036332648913e-16,
8837.13474249841,3.2653482412905533e-16,
8840.63653850556,3.5530854274730086e-16,
8844.13833451272,3.2680114776691547e-16,
8847.64013051987,3.044976324854041e-16,
8851.14192652703,2.9225123086439635e-16,
8854.64372253419,3.12993971717678e-16,
8858.14551854134,2.9905324935917664e-16,
8861.6473145485,2.98439859113364e-16,
8865.14911055566,3.111044580540723e-16,
8868.65090656281,2.9562462088947707e-16,
8872.15270256997,2.7599715833102667e-16,
8875.65449857713,2.674396851356828e-16,
8879.15629458428,2.7427964001006213e-16,
8882.65809059144,2.6311660398618243e-16,
8886.1598865986,2.708512678672518e-16,
8889.66168260575,2.895560817880913e-16,
8893.16347861291,2.6355517929357296e-16,
8896.66527462006,2.9476541315693875e-16,
8900.16707062722,2.901544769108869e-16,
8903.66886663438,2.5792559998991144e-16,
8907.17066264153,2.3160403255702633e-16,
8910.67245864869,2.315482814586292e-16,
8914.17425465584,2.744157495882178e-16,
8917.676050663,2.8884951671806094e-16,
8921.17784667016,2.668154009970799e-16,
8924.67964267732,2.5525621176596924e-16,
8928.18143868447,2.4140802341446267e-16,
8931.68323469163,2.6785326857137813e-16,
8935.18503069878,2.9609933828824233e-16,
8938.68682670594,2.6717220802682134e-16,
8942.1886227131,2.6856303772752333e-16,
8945.69041872025,2.8799210327374686e-16,
8949.19221472741,2.7671974383163097e-16,
8952.69401073456,2.6329616097205443e-16,
8956.19580674172,2.4882855869283934e-16,
8959.69760274888,2.3591288756417713e-16,
8963.19939875604,2.6532537279026444e-16,
8966.70119476319,2.82003794488675e-16,
8970.20299077035,2.5106898386773536e-16,
8973.7047867775,2.630782831162497e-16,
8977.20658278466,2.4932903694396737e-16,
8980.70837879182,2.3388021533296323e-16,
8984.21017479897,2.3341459753876397e-16,
8987.71197080613,2.2015493572481944e-16,
8991.21376681329,2.1086231701130137e-16,
8994.71556282044,2.0760017285612561e-16,
8998.2173588276,1.9896272567135695e-16,
9001.71915483475,2.281697648957648e-16,
9005.22095084191,2.679672058736196e-16,
9008.72274684907,2.3650282389962974e-16,
9012.22454285622,2.2059556164732344e-16,
9015.72633886338,1.92287204496388e-16,
9019.22813487054,2.0325069003703943e-16,
9022.72993087769,1.9931773841287414e-16,
9026.23172688485,2.1327512201917232e-16,
9029.73352289201,2.264303306257752e-16,
9033.23531889916,2.4329881871251426e-16,
9036.73711490632,2.4617224314024543e-16,
9040.23891091348,2.1149595708135948e-16,
9043.74070692063,2.110150878372539e-16,
9047.24250292779,2.20907511471458e-16,
9050.74429893494,2.145485540046289e-16,
9054.2460949421,2.0544920576555417e-16,
9057.74789094926,2.4589887051293276e-16,
9061.24968695641,2.4720190825408984e-16,
9064.75148296357,2.330278002629882e-16,
9068.25327897073,2.1406460883785313e-16,
9071.75507497788,1.946606633267695e-16,
9075.25687098504,1.9265913481259117e-16,
9078.7586669922,1.9896400730580286e-16,
9082.26046299935,2.1015690541227228e-16,
9085.76225900651,2.1219585765227117e-16,
9089.26405501366,1.9592653366899517e-16,
9092.76585102082,1.8918321403183756e-16,
9096.26764702798,1.8805358143121211e-16,
9099.76944303513,2.0780831029014144e-16,
9103.27123904229,2.258265526383068e-16,
9106.77303504945,2.159265673608718e-16,
9110.2748310566,1.9228412857371778e-16,
9113.77662706376,2.0161481183027938e-16,
9117.27842307091,2.0185293951032954e-16,
9120.78021907807,1.7252068460055625e-16,
9124.28201508523,1.886786345504826e-16,
9127.78381109238,1.8290012932420633e-16,
9131.28560709954,1.6151170103707498e-16,
9134.7874031067,1.534767502053288e-16,
9138.28919911385,1.7061617581393337e-16,
9141.79099512101,1.8004682655727596e-16,
9145.29279112817,1.7634315933548405e-16,
9148.79458713532,1.6487124941013993e-16,
9152.29638314248,1.7351613007469486e-16,
9155.79817914964,1.9467219803678266e-16,
9159.29997515679,1.908708702702124e-16,
9162.80177116395,1.751008710670631e-16,
9166.3035671711,1.5118134291270328e-16,
9169.80536317826,1.556855190094108e-16,
9173.30715918542,1.577775309154704e-16,
9176.80895519257,1.6232989646734418e-16,
9180.31075119973,1.6147222669614093e-16,
9183.81254720689,1.693369764734702e-16,
9187.31434321404,1.8076928389443566e-16,
9190.8161392212,1.7388921386189937e-16,
9194.31793522836,1.5896342726827132e-16,
9197.81973123551,1.6501799655419668e-16,
9201.32152724267,1.877793116597873e-16,
9204.82332324982,1.8957283090339431e-16,
9208.32511925698,1.9600855827353345e-16,
9211.82691526414,1.8661212716989664e-16,
9215.32871127129,1.9553243107687772e-16,
9218.83050727845,2.0838171354124177e-16,
9222.33230328561,1.9815427066287668e-16,
9225.83409929276,1.9061210827558306e-16,
9229.33589529992,2.008432678938413e-16,
9232.83769130707,2.1011743107133823e-16,
9236.33948731423,2.1654469965413437e-16,
9239.84128332139,2.2429615294644515e-16,
9243.34307932855,2.167774444695117e-16,
9246.8448753357,1.997114565146578e-16,
9250.34667134286,1.9563470550566137e-16,
9253.84846735001,2.0747239390186833e-16,
9257.35026335717,2.4688534454594996e-16,
9260.85205936433,2.6751568605832533e-16,
9264.35385537148,2.5917903847801183e-16,
9267.85565137864,2.811138275294348e-16,
9271.3574473858,2.948382099934665e-16,
9274.85924339295,2.6222766233449895e-16,
9278.36103940011,2.7970749005193734e-16,
9281.86283540726,2.7678421004426024e-16,
9285.36463141442,2.9525794527450216e-16,
9288.86642742158,2.906617478245782e-16,
9292.36822342873,2.98779235914641e-16,
9295.87001943589,3.233955887172423e-16,
9299.37181544305,3.2264211582649156e-16,
9302.8736114502,3.096073808578043e-16,
9306.37540745736,2.842827968603929e-16,
9309.87720346452,2.6325809642901094e-16,
9313.37899947167,2.9863236060713965e-16,
9316.88079547883,2.9677745107357355e-16,
9320.38259148598,2.8429087115740215e-16,
9323.88438749314,3.2563716736313965e-16,
9327.3861835003,3.146190841950924e-16,
9330.88797950746,2.5828996866288383e-16,
9334.38977551461,2.764729010373486e-16,
9337.89157152177,3.338466768064188e-16,
9341.39336752892,2.974919622771686e-16,
9344.89516353608,2.06178199438388e-16,
9348.39695954324,2.1300456898764065e-16,
9351.89875555039,2.65806882851593e-16,
9355.40055155755,2.6542277700815363e-16,
9358.9023475647,2.309350193762611e-16,
9362.40414357186,2.2293505716488827e-16,
9365.90593957902,2.5203777134539903e-16,
9369.40773558617,2.638103527117537e-16,
9372.90953159333,2.5142630355125517e-16,
9376.41132760049,2.7941053535081985e-16,
9379.91312360764,3.162341999238287e-16,
9383.4149196148,2.6906364414209593e-16,
9386.91671562196,2.2315780523158753e-16,
9390.41851162911,2.8512508701824527e-16,
9393.92030763627,3.226358358177066e-16,
9397.42210364343,3.270394036104102e-16,
9400.92389965058,3.4343932614372445e-16,
9404.42569565774,3.640444194575154e-16,
9407.92749166489,3.626225742032224e-16,
9411.42928767205,3.267660309830975e-16,
9414.93108367921,3.1015668938132154e-16,
9418.43287968636,3.0022235630073613e-16,
9421.93467569352,2.7537364317309124e-16,
9425.43647170067,2.4685535429991566e-16,
9428.93826770783,2.4641395939674413e-16,
9432.44006371499,2.4406933734139563e-16,
9435.94185972215,2.5918621563090893e-16,
9439.4436557293,2.811061377227594e-16,
9442.94545173646,2.814039895679889e-16,
9446.44724774362,2.6204900249273905e-16,
9449.94904375077,1.761181043267822e-16,
9453.45083975793,2.334213902013273e-16,
9456.95263576508,2.7654403174909663e-16,
9460.45443177224,2.5585165912953923e-16,
9463.9562277794,2.6817367718285573e-16,
9467.45802378655,2.7370713390307396e-16,
9470.95981979371,2.607375059642389e-16,
9474.46161580087,2.537992497278583e-16,
9477.96341180802,2.3071957662590357e-16,
9481.46520781518,2.543726529789586e-16,
9484.96700382233,2.84796732273203e-16,
9488.46879982949,2.906550833254595e-16,
9491.97059583665,2.4776544291995667e-16,
9495.4723918438,2.532840326806023e-16,
9498.97418785096,3.039126945242906e-16,
9502.47598385812,3.305249366495082e-16,
9505.97777986527,3.038236209302998e-16,
9509.47957587243,2.4722164542455685e-16,
9512.98137187959,2.2969683233806706e-16,
9516.48316788674,2.1571279073529392e-16,
9519.9849638939,2.05428571450975e-16,
9523.48675990105,2.4522844753427697e-16,
9526.98855590821,2.819764956749771e-16,
9530.49035191537,2.560164773192833e-16,
9533.99214792252,2.261755416979282e-16,
9537.49394392968,2.3930319516394396e-16,
9540.99573993684,2.153027958760472e-16,
9544.49753594399,1.5679105688245314e-16,
9547.99933195115,1.9551538533874712e-16,
9551.50112795831,2.1774418133206192e-16,
9555.00292396546,2.118663494362276e-16,
9558.50471997262,2.216329165678433e-16,
9562.00651597978,2.4180994397670017e-16,
9565.50831198693,2.595963386536003e-16,
9569.01010799409,2.4575865970455016e-16,
9572.51190400124,2.2206636533745023e-16,
9576.0137000084,2.438810652412914e-16,
9579.51549601556,2.350936668263512e-16,
9583.01729202271,2.218777087470122e-16,
9586.51908802987,1.776490166724222e-16,
9590.02088403703,1.7660820133889834e-16,
9593.52268004418,2.2112051911636834e-16,
9597.02447605134,2.509182636568963e-16,
9600.52627205849,2.5051941901732897e-16,
9604.02806806565,2.2887991854224377e-16,
9607.52986407281,2.1179688484925926e-16,
9611.03166007996,2.0116521446665402e-16,
9614.53345608712,1.8946953116705392e-16,
9618.03525209428,2.305932074695368e-16,
9621.53704810143,1.8496727752201523e-16,
9625.03884410859,1.5910568869176735e-16,
9628.54064011575,2.2141311626036966e-16,
9632.0424361229,2.041324545358258e-16,
9635.54423213006,1.4229615578954016e-16,
9639.04602813721,1.6633449145703587e-16,
