wave,flux,flux_err
obswave,flux,
3776.7,1.0887874806780544e-16,
3802.3,2.3015076842371477e-16,
3827.9,3.2852674336600843e-16,
3853.4,2.578080709875625e-16,
3879.0,2.10125480997739e-16,
3904.6,1.4738891619468198e-16,
3930.1,4.8949924613635225e-17,
3955.7,1.3450551449405416e-16,
3981.3,1.1371002370554086e-16,
4006.8,2.183176440356382e-16,
4032.4,2.1887779193566547e-16,
4058.0,1.0642810100518602e-16,
4083.6,1.636332052954735e-16,
4109.1,1.5264030275743785e-16,
4134.7,1.8589908432155849e-16,
4160.3,1.689546103457328e-16,
4185.8,9.914617830483119e-17,
4211.4,2.1054559192275946e-16,
4237.0,2.2125842051078148e-16,
4262.6,2.5290677686232364e-16,
4288.1,2.1957797681069958e-16,
4313.7,2.268598995110544e-16,
4339.3,2.0515416838499673e-16,
4364.8,2.260896961485169e-16,
4390.4,2.4632503903700294e-16,
4416.0,2.396032642366754e-16,
4441.6,2.8973650128911827e-16,
4467.1,2.419838928117914e-16,
4492.7,2.391131348241515e-16,
4518.3,2.655801231004412e-16,
4543.8,2.48215538199595e-16,
4569.4,2.3001073144870793e-16,
4595.0,2.350520625489536e-16,
4620.5,2.4184385583678455e-16,
4646.1,2.272099919485715e-16,
4671.7,2.1096570284777992e-16,
4697.3,1.9248082214687918e-16,
4722.8,2.1768747764810746e-16,
4748.4,2.1082566587277308e-16,
4774.0,2.260896961485169e-16,
4799.5,1.9318100702191332e-16,
4825.1,1.9346108097192697e-16,
4850.7,2.0592437174753426e-16,
4876.3,1.9745213475962145e-16,
4901.8,2.274200474110817e-16,
4927.4,2.385529869241242e-16,
4953.0,2.4373435499937667e-16,
4978.5,2.603987550251887e-16,
5004.1,2.544471835873987e-16,
5029.7,2.578080709875625e-16,
5055.3,2.7027136176316975e-16,
5080.8,2.5913842225012727e-16,
5106.4,2.567577936750113e-16,
5132.0,2.4779542727457455e-16,
5157.5,2.4835557517460185e-16,
5183.1,2.7020134327566636e-16,
5208.7,2.5185649954977243e-16,
5234.2,2.531868508123373e-16,
5259.8,2.481455197120916e-16,
5285.4,2.4520474323694834e-16,
5311.0,2.431742070993494e-16,
5336.5,2.438743919743835e-16,
5362.1,2.474453348370575e-16,
5387.7,2.4093361549924023e-16,
5413.2,2.1103572133528334e-16,
5438.8,2.1922788437318254e-16,
5464.4,2.0578433477252744e-16,
5490.0,2.2006810622322346e-16,
5515.5,2.043839650224592e-16,
5541.1,1.9871246753468284e-16,
5566.7,2.0907520368518782e-16,
5592.2,2.0172326249732956e-16,
5617.8,1.8610913978406872e-16,
5643.4,1.788972355712173e-16,
5668.9,1.91430544834328e-16,
5694.5,1.8589908432155849e-16,
5720.1,1.984323935846692e-16,
5745.7,1.9689198685959413e-16,
5771.2,2.0746477847260931e-16,
5796.8,2.0984540704772535e-16,
5822.4,2.1285620201037205e-16,
5847.9,2.1705731126057676e-16,
5873.5,2.0039291123476474e-16,
5899.1,1.8533893642153119e-16,
5924.7,1.7679668094611492e-16,
5950.2,1.6209279857039844e-16,
5975.8,1.7392592295847505e-16,
6001.4,1.689546103457328e-16,
6026.9,1.6160266915787458e-16,
6052.5,1.7105516497083517e-16,
6078.1,1.6433339017050763e-16,
6103.7,1.7630655153359106e-16,
6129.2,1.7791697674616954e-16,
6154.8,1.75956459096074e-16,
6180.4,1.6615387084559634e-16,
6205.9,1.6734418513315436e-16,
6231.5,1.6790433303318163e-16,
6257.1,1.6972481370827034e-16,
6282.6,1.6328311285795645e-16,
6308.2,1.5579113469509139e-16,
6333.8,1.5817176327020737e-16,
6359.4,1.5740155990766984e-16,
6384.9,1.564213010826221e-16,
6410.5,1.5130995149487302e-16,
6436.1,1.5369058006998903e-16,
6461.6,1.6090248428284045e-16,
6487.2,1.723855162334e-16,
6512.8,1.6979483219577376e-16,
6538.4,1.629330204204394e-16,
6563.9,1.648935380705349e-16,
6589.5,1.7259557169591023e-16,
6615.1,1.7770692128365928e-16,
6640.6,1.7049501707080787e-16,
6666.2,1.7224547925839318e-16,
6691.8,1.6510359353304516e-16,
6717.4,1.553710237700709e-16,
6742.9,1.570514674701528e-16,
6768.5,1.5964215150777904e-16,
6794.1,1.5187009939490032e-16,
6819.6,1.547408573825402e-16,
6845.2,1.5460082040753337e-16,
6870.8,1.505397481323355e-16,
6896.3,1.3786640189421795e-16,
6921.9,1.1735098505571828e-16,
6947.5,1.1181952454294873e-16,
6973.1,1.0089664049241648e-16,
6998.6,8.67529060167273e-17,
7024.2,8.185161189148847e-17,
7049.8,7.55499480161814e-17,
7075.3,7.134883876597668e-17,
7100.9,7.183896817850056e-17,
7126.5,6.711972212077061e-17,
7152.1,6.1525244969248e-17,
7177.6,6.534125253818395e-17,
7203.2,6.531324514318258e-17,
7228.8,5.40122612601319e-17,
7254.3,5.058835722121507e-17,
7279.9,4.480483015343325e-17,
7305.5,4.0232622919460453e-17,
7331.1,4.581309637348238e-17,
7356.6,4.514091889344963e-17,
7382.2,4.085578745824082e-17,
7407.8,4.267626813332953e-17,
7433.3,5.063036831371711e-17,
7458.9,5.0231262934947667e-17,
7484.5,4.4076637883397766e-17,
7510.0,4.199708880454643e-17,
7535.6,4.676534780352878e-17,
7561.2,4.807469351984258e-17,
7586.8,3.9056312329403133e-17,
7612.3,4.081377636573877e-17,
7637.9,4.161198712327767e-17,
7663.5,3.335680744662541e-17,
7689.0,3.809005720185605e-17,
7714.6,4.3803565782134464e-17,
7740.2,4.403462679089572e-17,
7765.8,4.111485586200344e-17,
7791.3,4.0330648801965227e-17,
7816.9,4.2592245948325435e-17,
7842.5,4.5715070490977605e-17,
7868.0,4.9237000412399216e-17,
7893.6,5.2492860081307875e-17,
7919.2,5.2940978401329704e-17,
7944.7,5.974677538666134e-17,
7970.3,6.874415103084977e-17,
7995.9,7.036857994092892e-17,
8021.5,7.120880179096985e-17,
8047.0,7.407955977860974e-17,
8072.6,7.968103877888269e-17,
8098.2,8.584266567918294e-17,
8123.7,8.829331274180236e-17,
8149.3,8.836333122930576e-17,
8174.9,8.703297996674095e-17,
8200.5,8.549257324166587e-17,
8226.0,8.451231441661811e-17,
8251.6,8.304192617904646e-17,
8277.2,8.171157491648164e-17,
8302.7,8.136148247896458e-17,
8328.3,7.961102029137927e-17,
8353.9,7.779053961629057e-17,
8379.5,7.877079844133834e-17,
8405.0,8.045124214142022e-17,
8430.6,7.947098331637245e-17,
8456.2,7.814063205380763e-17,
8481.7,7.379948582859609e-17,
8507.3,6.410192530937355e-17,
8532.9,6.144822463299425e-17,
8558.4,6.725975909577743e-17,
8584.0,6.688165926325901e-17,
8609.6,6.280658329056044e-17,
8635.2,5.974677538666134e-17,
8660.7,5.617583252398733e-17,
8686.3,5.364116327636382e-17,
8711.9,5.4222316722642146e-17,
8737.4,5.624585101149074e-17,
8763.0,5.893456093162176e-17,
8788.6,6.61324614469725e-17,
8814.2,6.55373043031935e-17,
8839.7,5.623884916274041e-17,
8865.3,5.833940378784277e-17,
8890.9,6.31916849718292e-17,
8916.4,5.85004463091006e-17,
8942.0,6.102811370797378e-17,
8967.6,7.295926397855516e-17,
8993.2,6.386386245186196e-17,
9018.7,5.651892311275404e-17,
9044.3,6.775689035705166e-17,
9069.9,7.295926397855516e-17,
9095.4,6.987144867965468e-17,
9121.0,7.239911607852786e-17,
9146.6,7.765050264128375e-17,
9172.1,7.127882027847327e-17,
9197.7,6.560032094194657e-17,
9223.3,6.74067979195346e-17,
