wave,flux,flux_err
obswave,flux,
3776.7,4.606703214244997e-17,
3802.3,8.126181985136426e-17,
3827.9,7.31028087089685e-17,
3853.4,9.57066490454756e-17,
3879.0,5.0035497917035366e-17,
3904.6,7.12778937907285e-17,
3930.1,5.5095050388769545e-17,
3955.7,7.292900728818375e-17,
3981.3,1.0486019054013974e-16,
4006.8,1.0843277530071539e-16,
4032.4,9.93564788819556e-17,
4058.0,1.3402020669402759e-16,
4083.6,1.494692218748953e-16,
4109.1,1.18378078823399e-16,
4134.7,1.0543952860942228e-16,
4160.3,1.2446112855086567e-16,
4185.8,1.29095833105126e-16,
4211.4,1.3102696000273445e-16,
4237.0,1.1567450116674714e-16,
4262.6,1.1103979661248682e-16,
4288.1,1.1393648695889952e-16,
4313.7,1.1412959964866037e-16,
4339.3,1.246542412406265e-16,
4364.8,1.0621197936846566e-16,
4390.4,1.0534297226454185e-16,
4416.0,1.0611542302358524e-16,
4441.6,1.1142602199200853e-16,
4467.1,1.137433742691387e-16,
4492.7,1.166400646155514e-16,
4518.3,1.1451582502818205e-16,
4543.8,1.3102696000273445e-16,
4569.4,1.460897498040805e-16,
4595.0,1.7389797712964242e-16,
4620.5,1.6153876498494822e-16,
4646.1,1.7476698423356624e-16,
4671.7,1.7322208271547945e-16,
4697.3,1.8258804816888052e-16,
4722.8,1.7814645630438103e-16,
4748.4,1.7737400554533765e-16,
4774.0,1.5989730712198102e-16,
4799.5,1.5468326449843818e-16,
4825.1,1.6009041981174187e-16,
4850.7,1.522693558764276e-16,
4876.3,1.502416726339387e-16,
4901.8,1.6318022284791542e-16,
4927.4,1.5661439139604664e-16,
4953.0,1.6887704719586038e-16,
4978.5,1.8229837913423925e-16,
5004.1,2.1329296584085514e-16,
5029.7,2.3646648861215673e-16,
5055.3,2.1879667749903927e-16,
5080.8,1.9958196486783503e-16,
5106.4,1.8519506948065195e-16,
5132.0,1.7148406850763182e-16,
5157.5,1.7949824513270697e-16,
5183.1,1.7563599133749004e-16,
5208.7,1.7476698423356624e-16,
5234.2,1.692632725753821e-16,
5259.8,1.7003572333442547e-16,
5285.4,1.6935982892026252e-16,
5311.0,1.7206340657691437e-16,
5336.5,1.8355361161768475e-16,
5362.1,1.879952034821842e-16,
5387.7,1.9359547148524878e-16,
5413.2,1.8992633037979268e-16,
5438.8,2.1261707142669217e-16,
5464.4,2.144516419794202e-16,
5490.0,2.2014846632736518e-16,
5515.5,2.362733759223959e-16,
5541.1,2.649506103518816e-16,
5566.7,2.662058428353271e-16,
5592.2,2.6736451897389223e-16,
5617.8,2.43611658133308e-16,
5643.4,2.326042348169398e-16,
5668.9,2.266177414343535e-16,
5694.5,2.2111402977616944e-16,
5720.1,2.0440978211185617e-16,
5745.7,1.850019567908911e-16,
5771.2,1.614422086400678e-16,
5796.8,1.6066975788102443e-16,
5822.4,1.8529162582553236e-16,
5847.9,1.9977507755759586e-16,
5873.5,2.238176074328213e-16,
5899.1,2.5152927841350275e-16,
5924.7,2.593503423488171e-16,
5950.2,2.6446782862747953e-16,
5975.8,2.7885472401466256e-16,
6001.4,2.7953061842882555e-16,
6026.9,2.6379193421331654e-16,
6052.5,2.4853603172220964e-16,
6078.1,2.3521125612871126e-16,
6103.7,2.2130714246593027e-16,
6129.2,2.1425852928965935e-16,
6154.8,2.0363733135281281e-16,
6180.4,2.016096481103239e-16,
6205.9,2.123274023920509e-16,
6231.5,2.3086622060909216e-16,
6257.1,2.4274265102938424e-16,
6282.6,2.440944398577102e-16,
6308.2,2.4892225710173134e-16,
6333.8,2.523982855174266e-16,
6359.4,2.478601373080467e-16,
6384.9,2.4003907337273237e-16,
6410.5,2.3936317895856943e-16,
6436.1,2.3994251702785196e-16,
6461.6,2.441909962025906e-16,
6487.2,2.44963446961634e-16,
6512.8,2.440944398577102e-16,
6538.4,2.3559748150823296e-16,
6563.9,2.274867485382774e-16,
6589.5,2.2584529067531017e-16,
6615.1,2.303834388846901e-16,
6640.6,2.3685271399167843e-16,
6666.2,2.3820450282000437e-16,
6691.8,2.296109881256467e-16,
6717.4,2.1908634653368054e-16,
6742.9,2.1802422673999587e-16,
6768.5,2.1396886025501808e-16,
6794.1,2.1483786735894193e-16,
6819.6,2.1329296584085514e-16,
6845.2,2.074030288031493e-16,
6870.8,1.9185745727740117e-16,
6896.3,1.7380142078476198e-16,
6921.9,1.6569068781480642e-16,
6947.5,1.6791148374705617e-16,
6973.1,1.772774492004572e-16,
6998.6,1.9620249279702021e-16,
7024.2,2.1078250087396412e-16,
7049.8,2.1773455770535463e-16,
7075.3,2.2294860032889747e-16,
7100.9,2.262315160548318e-16,
7126.5,2.2207959322497365e-16,
7152.1,2.2372105108794083e-16,
7177.6,2.332801292311028e-16,
7203.2,2.3530781247359167e-16,
7228.8,2.346319180594287e-16,
7254.3,2.401356297176128e-16,
7279.9,2.4689457385924246e-16,
7305.5,2.4892225710173134e-16,
7331.1,2.5017748958517686e-16,
7356.6,2.535569616559917e-16,
7382.2,2.534604053111112e-16,
7407.8,2.4602556675531864e-16,
7433.3,2.4689457385924246e-16,
7458.9,2.451565596513948e-16,
7484.5,2.31735227713016e-16,
7510.0,2.2140369881081068e-16,
7535.6,2.119411770125292e-16,
7561.2,1.982301760395091e-16,
7586.8,1.8645030196409745e-16,
7612.3,1.7669811113117468e-16,
7637.9,1.6530446243528474e-16,
7663.5,1.626008847786329e-16,
7689.0,1.6713903298801277e-16,
7714.6,1.7476698423356624e-16,
7740.2,1.8509851313577151e-16,
7765.8,1.9118156286323817e-16,
7791.3,1.958162674174985e-16,
7816.9,2.0354077500793237e-16,
7842.5,2.074030288031493e-16,
7868.0,2.070168034236276e-16,
7893.6,2.0547190190554084e-16,
7919.2,1.9958196486783503e-16,
7944.7,1.9147123189787944e-16,
7970.3,1.8316738623816305e-16,
7995.9,1.7476698423356624e-16,
8021.5,1.7254618830131649e-16,
8047.0,1.713875121627514e-16,
8072.6,1.6134565229518737e-16,
8098.2,1.510141233929821e-16,
8123.7,1.460897498040805e-16,
8149.3,1.4222749600886357e-16,
8174.9,1.3672378435067943e-16,
8200.5,1.3237874883106039e-16,
8226.0,1.3382709400426673e-16,
8251.6,1.3179941076177783e-16,
8277.2,1.2610258641383285e-16,
8302.7,1.246542412406265e-16,
8328.3,1.220472199288551e-16,
8353.9,1.1702628999507307e-16,
8379.5,1.137433742691387e-16,
8405.0,1.1451582502818205e-16,
8430.6,1.220472199288551e-16,
8456.2,1.3962047469709213e-16,
8481.7,1.618284340195895e-16,
8507.3,1.7969135782246782e-16,
8532.9,1.9649216183166148e-16,
8558.4,2.135826348754964e-16,
8584.0,2.304799952295705e-16,
8609.6,2.5230172917254616e-16,
8635.2,2.7914439304930385e-16,
8660.7,3.029938102347684e-16,
8686.3,3.2558799493678744e-16,
8711.9,3.395886649444488e-16,
8737.4,3.3437462232090595e-16,
8763.0,3.244293187982224e-16,
8788.6,3.1767037465659275e-16,
8814.2,2.954624153340954e-16,
8839.7,2.6591617380068583e-16,
8865.3,2.469911302041229e-16,
8890.9,2.288385373666033e-16,
8916.4,2.1300329680621385e-16,
8942.0,2.090444866661165e-16,
8967.6,2.0305799328353026e-16,
8993.2,1.8509851313577151e-16,
9018.7,1.6771837105729532e-16,
9044.3,1.5661439139604664e-16,
9069.9,1.486002147709715e-16,
9095.4,1.4338617214742865e-16,
9121.0,1.4560696807967838e-16,
9146.6,1.522693558764276e-16,
9172.1,1.514969051173842e-16,
9197.7,1.5082101070322125e-16,
9223.3,1.6607691319432815e-16,
