wave,flux,flux_err
obswave,flux,
3700.0,6.274342245081489e-16,
3703.49184346199,6.587525584780356e-16,
3706.98368692398,5.227460329138926e-16,
3710.47553038597,5.038179858871118e-16,
3713.96737384796,6.549794453511595e-16,
3717.45921730995,7.451052452272342e-16,
3720.95106077194,6.918052150577646e-16,
3724.44290423393,5.899279643892639e-16,
3727.93474769593,6.222212555316534e-16,
3731.42659115792,6.01787881229223e-16,
3734.91843461991,4.967447004698941e-16,
3738.4102780819,4.892366229210727e-16,
3741.90212154389,5.493870263454343e-16,
3745.39396500588,5.505174652666823e-16,
3748.88580846787,5.640938676193135e-16,
3752.37765192986,6.055727482814022e-16,
3755.86949539185,6.298388301740871e-16,
3759.36133885384,5.962434309382608e-16,
3762.85318231583,6.170440638541064e-16,
3766.34502577782,6.870739508094769e-16,
3769.83686923981,7.067545583694745e-16,
3773.3287127018,6.859462957126428e-16,
3776.82055616379,7.317847485114633e-16,
3780.31239962578,7.736501683486486e-16,
3783.80424308777,7.602942036477528e-16,
3787.29608654976,7.160537691671029e-16,
3790.78793001175,6.447547675928305e-16,
3794.27977347374,6.297253120007659e-16,
3797.77161693573,7.14220466133656e-16,
3801.26346039772,8.156693171562443e-16,
3804.75530385971,8.493801935529423e-16,
3808.2471473217,7.675192590478306e-16,
3811.73899078369,7.515250536394473e-16,
3815.23083424568,7.986397352751165e-16,
3818.72267770767,7.581779815701703e-16,
3822.21452116967,7.125478000793505e-16,
3825.70636463166,7.118373062261656e-16,
3829.19820809365,7.180384297649779e-16,
3832.69005155564,7.415720565229906e-16,
3836.18189501763,7.941242689712077e-16,
3839.67373847962,7.950298367425796e-16,
3843.16558194161,7.96057583474338e-16,
3846.6574254036,7.825453121878339e-16,
3850.14926886559,6.95753296704283e-16,
3853.64111232758,7.400321892036875e-16,
3857.13295578957,7.924062368894168e-16,
3860.62479925156,7.76780527349744e-16,
3864.11664271355,7.143185186157891e-16,
3867.60848617554,7.20932473004718e-16,
3871.10032963753,7.369238945886874e-16,
3874.59217309952,7.081244061903155e-16,
3878.08401656151,6.791832520606598e-16,
3881.5758600235,7.001647304587993e-16,
3885.06770348549,7.087271557282227e-16,
3888.55954694748,6.666529490599971e-16,
3892.05139040947,6.599166095014658e-16,
3895.54323387146,7.062255286262308e-16,
3899.03507733345,7.518191079812386e-16,
3902.52692079544,7.591285029505958e-16,
3906.01876425743,7.695353665511216e-16,
3909.51060771942,7.813550725939915e-16,
3913.00245118141,7.138125843047199e-16,
3916.4942946434,6.881920171777744e-16,
3919.98613810539,7.335790780031159e-16,
3923.47798156739,7.266106499721541e-16,
3926.96982502938,6.734456868390613e-16,
3930.46166849137,7.286590292177244e-16,
3933.95351195336,7.848958910392211e-16,
3937.44535541535,7.362528898003362e-16,
3940.93719887734,7.649610275160899e-16,
3944.42904233933,8.069430586648341e-16,
3947.92088580132,7.837555540756127e-16,
3951.41272926331,7.492314916362404e-16,
3954.9045727253,7.402162309288269e-16,
3958.39641618729,7.847306143527236e-16,
3961.88825964928,7.11284768632316e-16,
3965.38010311127,7.0819956944949e-16,
3968.87194657326,7.592534657353963e-16,
3972.36379003525,7.671798386785541e-16,
3975.85563349724,7.573269561363888e-16,
3979.34747695923,7.385038696004718e-16,
3982.83932042122,7.626142635351956e-16,
3986.33116388321,7.925457374239342e-16,
3989.8230073452,8.093201354004571e-16,
3993.31485080719,8.056192986037338e-16,
3996.80669426918,8.122409858382567e-16,
4000.29853773117,8.096123338593059e-16,
4003.79038119316,7.717303605491559e-16,
4007.28222465516,8.006114046923934e-16,
4010.77406811715,7.846178179116577e-16,
4014.26591157914,7.80654476783167e-16,
4017.75775504113,8.020516729604447e-16,
4021.24959850312,7.813411534719221e-16,
4024.74144196511,7.939633226782428e-16,
4028.2332854271,7.982916541187744e-16,
4031.72512888909,7.739100950652179e-16,
4035.21697235108,7.829775267042394e-16,
4038.70881581307,7.794113445254611e-16,
4042.20065927506,7.8148137573869505e-16,
4045.69250273705,7.857572269337949e-16,
4049.18434619904,7.610405779044944e-16,
4052.67618966103,7.57572654417065e-16,
4056.16803312302,7.643899310928143e-16,
4059.65987658501,7.921440418714733e-16,
4063.151720047,7.898260440761889e-16,
4066.64356350899,7.72555816040173e-16,
4070.13540697098,7.672608789003801e-16,
4073.62725043297,7.48755663870684e-16,
4077.11909389496,7.745395486965768e-16,
4080.61093735695,7.54129063617105e-16,
4084.10278081894,7.64161451281661e-16,
4087.59462428093,7.883008176112107e-16,
4091.08646774292,7.783363758832747e-16,
4094.57831120491,7.790352189157646e-16,
4098.0701546669,7.582301525017785e-16,
4101.56199812889,7.466883133772561e-16,
4105.05384159089,7.695079407254146e-16,
4108.54568505288,8.143963876668493e-16,
4112.03752851487,8.144944401489823e-16,
4115.52937197686,7.845924541781091e-16,
4119.02121543885,7.958217832360223e-16,
4122.51305890084,7.964553610516981e-16,
4126.00490236283,7.986501488405165e-16,
4129.49674582482,8.005941862228707e-16,
4132.98858928681,7.981890650338929e-16,
4136.4804327488,8.277913259095392e-16,
4139.97227621079,8.211536574607886e-16,
4143.46411967278,8.005463456847952e-16,
4146.95596313477,7.86170470202343e-16,
4150.44780659676,8.181291868920282e-16,
4153.93965005875,8.438629628784712e-16,
4157.43149352074,8.283820122083197e-16,
4160.92333698273,8.163102153990825e-16,
4164.41518044472,7.998344083670993e-16,
4167.90702390671,8.264201377287952e-16,
4171.3988673687,8.377955660161327e-16,
4174.89071083069,7.888795437754724e-16,
4178.38255429268,8.008918492259391e-16,
4181.87439775467,8.304942132061934e-16,
4185.36624121666,7.878476728593971e-16,
4188.85808467865,7.911203162194237e-16,
4192.34992814064,7.693699867600159e-16,
4195.84177160263,7.789509824510931e-16,
4199.33361506462,7.933422205201255e-16,
4202.82545852661,7.925062483591004e-16,
4206.31730198861,7.856674228202955e-16,
4209.8091454506,8.070832809316069e-16,
4213.30098891259,8.376256496222786e-16,
4216.79283237458,8.007785372618337e-16,
4220.28467583657,8.174207551310016e-16,
4223.77651929856,8.604980665296926e-16,
4227.26836276055,8.510588396745073e-16,
4230.76020622254,8.23337928579599e-16,
4234.25204968453,7.808011946402389e-16,
4237.74389314652,8.048081746532177e-16,
4241.23573660851,8.13322656279958e-16,
4244.7275800705,7.961575949440216e-16,
4248.21942353249,8.138677703420372e-16,
4251.71126699448,8.210186935290197e-16,
4255.20311045647,8.032505733413523e-16,
4258.69495391846,7.784894862260378e-16,
4262.18679738045,7.832436396972841e-16,
4265.67864084244,7.750114584870321e-16,
4269.17048430443,7.627537640697129e-16,
4272.66232776642,8.022141658225284e-16,
4276.15417122841,7.769409581196693e-16,
4279.6460146904,7.708427329795624e-16,
4283.13785815239,8.072079344025835e-16,
4286.62970161438,7.748904136773326e-16,
4290.12154507637,7.280884483174885e-16,
4293.61338853836,7.594686450521278e-16,
4297.10523200036,7.717425268928907e-16,
4300.59707546234,7.648985461236897e-16,
4304.08891892433,7.560724823718116e-16,
4307.58076238633,7.575638905253916e-16,
4311.07260584832,7.707784988088275e-16,
4314.56444931031,7.6070548792875055e-16,
4318.0562927723,7.459448260495365e-16,
4321.54813623429,7.552266121684261e-16,
4325.03997969628,7.518949929726687e-16,
4328.53182315827,7.543758960484684e-16,
4332.02366662026,7.59144071746392e-16,
4335.51551008225,7.593804906123552e-16,
4339.00735354424,7.382331169000707e-16,
4342.49919700623,7.365055991943511e-16,
4345.99104046822,7.693247238371386e-16,
4349.48288393021,7.660996117013637e-16,
4352.9747273922,7.702408082785184e-16,
4356.46657085419,7.602472910511486e-16,
4359.95841431618,7.146816530448876e-16,
4363.45025777817,7.546710845409467e-16,
4366.94210124016,7.942842873227014e-16,
4370.43394470215,7.977786055897586e-16,
4373.92578816414,7.833024093237992e-16,
4377.41763162613,7.593746136497037e-16,
4380.90947508812,7.63024619874722e-16,
4384.40131855011,7.750791982144363e-16,
4387.8931620121,7.810294682421764e-16,
4391.38500547409,8.192219926313849e-16,
4394.87684893608,8.331751392213602e-16,
4398.36869239807,8.138080727740509e-16,
4401.86053586007,8.123915185658216e-16,
4405.35237932205,8.445029331798381e-16,
4408.84422278405,8.72748852938281e-16,
4412.33606624604,8.608690369089931e-16,
4415.82790970803,8.315684601161243e-16,
4419.31975317002,8.213361526168091e-16,
4422.81159663201,8.274865486885241e-16,
4426.303440094,8.583130736786267e-16,
4429.79528355599,8.797143940402211e-16,
4433.28712701798,8.771903932383103e-16,
4436.77897047997,8.899822726292692e-16,
4440.27081394196,8.924284294521995e-16,
4443.76265740395,8.716176922847776e-16,
4447.25450086594,8.715023182285138e-16,
4450.74634432793,8.841005671657967e-16,
4454.23818778992,9.058129541294893e-16,
4457.73003125191,9.078808201459567e-16,
4461.2218747139,8.925713324387783e-16,
4464.71371817589,9.102955300634712e-16,
4468.20556163788,8.865332172850894e-16,
4471.69740509987,8.74188090160253e-16,
4475.18924856186,8.890329885041387e-16,
4478.68109202385,8.813346829537027e-16,
4482.17293548584,8.6888428602417885e-16,
4485.66477894783,8.527396509928385e-16,
4489.15662240982,8.571863465232638e-16,
4492.64846587181,8.650088931262449e-16,
4496.14030933381,8.61787698965571e-16,
4499.6321527958,8.622905401384025e-16,
4503.12399625779,8.7586395245740415e-16,
4506.61583971978,8.770276941670107e-16,
4510.10768318177,8.950136743912156e-16,
4513.59952664376,8.944472176752964e-16,
4517.09137010575,8.792459898064352e-16,
4520.58321356774,8.85476498158505e-16,
4524.07505702973,8.705715929328092e-16,
4527.56690049172,8.528614175347936e-16,
4531.05874395371,8.4132720815125735e-16,
4534.5505874157,8.393971929955805e-16,
4538.04243087769,8.352911550897268e-16,
4541.53427433968,8.365216054806584e-16,
4545.02611780167,8.764758783054164e-16,
4548.51796126366,8.993668540422562e-16,
4552.00980472565,8.282580804695985e-16,
4555.50164818764,7.789689226528714e-16,
4558.99349164963,7.7804696124884e-16,
4562.48533511162,7.708927387144041e-16,
4565.97717857361,7.8658000170500605e-16,
4569.4690220356,8.198395892328329e-16,
4572.96086549759,8.05768181657572e-16,
4576.45270895958,7.8499250005684335e-16,
4579.94455242157,8.074382700966795e-16,
4583.43639588357,7.952248075561585e-16,
4586.92823934556,7.68219957963263e-16,
4590.42008280755,7.795260999540774e-16,
4593.91192626954,7.718793467076021e-16,
4597.40376973153,7.760103359285726e-16,
4600.89561319352,7.504753456262017e-16,
4604.38745665551,7.129120686591361e-16,
4607.8793001175,6.784290418537164e-16,
4611.37114357949,6.698110432006233e-16,
4614.86298704148,6.620479879564128e-16,
4618.35483050347,6.811764703409924e-16,
4621.84667396546,7.116507899904362e-16,
4625.33851742745,7.41843634060255e-16,
4628.83036088944,7.587623784878677e-16,
4632.32220435143,7.442589626054169e-16,
4635.81404781342,7.082521527995298e-16,
4639.30589127541,6.646898373251776e-16,
4642.7977347374,6.587737980272673e-16,
4646.28957819939,6.865545097947699e-16,
4649.78142166138,7.066388749993868e-16,
4653.27326512337,7.298690648962875e-16,
4656.76510858536,7.479403126312432e-16,
4660.25695204735,7.494669825607324e-16,
4663.74879550934,7.533668112507436e-16,
4667.24063897133,7.471039280517864e-16,
4670.73248243332,6.939517498900759e-16,
4674.22432589531,6.308835891661526e-16,
4677.7161693573,5.645230921020895e-16,
4681.20801281929,5.337983313600052e-16,
4684.69985628129,5.708987717421123e-16,
4688.19169974327,6.221036131740153e-16,
4691.68354320527,6.569963776913139e-16,
4695.17538666726,6.500680573528333e-16,
4698.66723012925,6.538078676913509e-16,
4702.15907359124,6.614463725691927e-16,
4705.65091705323,6.481094822207624e-16,
4709.14276051522,6.423842895521143e-16,
4712.63460397721,6.355385560045786e-16,
4716.1264474392,6.319866022616935e-16,
4719.61829090119,6.464633140506925e-16,
4723.11013436318,6.462406080975828e-16,
4726.60197782517,6.2585785815764185e-16,
4730.09382128716,5.891181807986508e-16,
4733.58566474915,5.705278013628119e-16,
4737.07750821114,5.794301625245516e-16,
4740.56935167313,6.055432603635368e-16,
4744.06119513512,6.379103744051978e-16,
4747.55303859711,6.432800623857336e-16,
4751.0448820591,6.315376847988046e-16,
4754.53672552109,6.287509734559105e-16,
4758.02856898308,6.325638849614442e-16,
4761.52041244507,6.453779318431061e-16,
4765.01225590706,6.535668091180311e-16,
4768.50409936905,6.602534522555443e-16,
4771.99594283104,6.518691917486087e-16,
4775.48778629303,6.481198957861624e-16,
4778.97962975503,6.49424787704013e-16,
4782.47147321702,6.374737263906515e-16,
4785.96331667901,6.308919406393941e-16,
4789.455160141,6.559957474714387e-16,
4792.94700360299,6.583489039380241e-16,
4796.43884706498,6.493266321172721e-16,
4799.93069052697,6.640666730749019e-16,
4803.42253398896,6.691293155330483e-16,
4806.91437745095,6.68734734198534e-16,
4810.40622091294,6.76113827882846e-16,
4813.89806437493,6.706206205820205e-16,
4817.38990783692,6.714004007317285e-16,
4820.88175129891,6.927772853012457e-16,
4824.3735947609,7.038803112144553e-16,
4827.86543822289,6.56016265288415e-16,
4831.35728168488,6.354440090791148e-16,
4834.84912514687,6.713344137826589e-16,
4838.34096860886,6.76165998814454e-16,
4841.83281207085,6.734609463210336e-16,
4845.32465553284,6.952699423023485e-16,
4848.81649899483,6.981951231336807e-16,
4852.30834245682,6.827340716528579e-16,
4855.80018591881,6.866241054051167e-16,
4859.2920293808,6.713301864937342e-16,
4862.78387284279,6.942532277636375e-16,
4866.27571630478,7.124473761912353e-16,
4869.76755976678,6.989994421800739e-16,
4873.25940322877,7.023597244568336e-16,
4876.75124669076,7.204893293998727e-16,
4880.24309015275,7.411317998471671e-16,
4883.73493361474,7.460229793423407e-16,
4887.22677707673,7.476253280540441e-16,
4890.71862053872,7.1752548434057e-16,
4894.21046400071,7.092531954378367e-16,
4897.7023074627,7.244633934075872e-16,
4901.19415092469,7.207464722920281e-16,
4904.68599438668,7.189622470519518e-16,
4908.17783784867,7.164455666772034e-16,
4911.66968131066,7.071061450824857e-16,
4915.16152477265,6.916732411596255e-16,
4918.65336823464,7.128601039367439e-16,
4922.14521169663,7.623666062669688e-16,
4925.63705515862,7.736381051095217e-16,
4929.12889862061,7.793231900856886e-16,
4932.6207420826,7.849743536458492e-16,
4936.11258554459,7.645717045165794e-16,
4939.60442900658,7.721553577430071e-16,
4943.09627246857,7.612890600095844e-16,
4946.58811593056,7.44612302096763e-16,
4950.07995939255,7.360673015060781e-16,
4953.57180285454,7.34141410534718e-16,
4957.06364631653,7.522833880307077e-16,
4960.55548977852,7.544646691158885e-16,
4964.04733324051,7.409431184146713e-16,
4967.5391767025,7.501666504300856e-16,
4971.03102016449,7.75578121412167e-16,
4974.52286362649,7.662658163293326e-16,
4978.01470708848,7.451119470267491e-16,
4981.50655055047,7.660487811296585e-16,
4984.99839401246,7.753393311402215e-16,
4988.49023747445,7.774038978092355e-16,
4991.98208093644,7.867960058586009e-16,
4995.47392439843,7.657155470368573e-16,
4998.96576786042,7.546396376355308e-16,
5002.45761132241,7.708506720343723e-16,
5005.9494547844,7.95555154719938e-16,
5009.44129824639,7.92722768035735e-16,
5012.93314170838,7.710765742303276e-16,
5016.42498517037,7.795036231495506e-16,
5019.91682863236,8.098978305186396e-16,
5023.40867209435,8.13658777301781e-16,
5026.90051555634,7.894638375885619e-16,
5030.39235901833,7.648265791073607e-16,
5033.88420248032,7.683832756622102e-16,
5037.37604594231,7.478384452786171e-16,
5040.8678894043,7.595185476823617e-16,
5044.35973286629,8.189024714514371e-16,
5047.85157632828,8.093643672772554e-16,
5051.34341979027,7.612840078837963e-16,
5054.83526325226,7.479868128094157e-16,
5058.32710671425,7.556747047944517e-16,
5061.81895017625,7.545040550761144e-16,
5065.31079363823,7.668199004923011e-16,
5068.80263710023,7.84559770017398e-16,
5072.29448056222,7.993610551121331e-16,
5075.78632402421,8.047858009532989e-16,
5079.2781674862,7.986453029239442e-16,
5082.77001094819,7.80522296675812e-16,
5086.26185441018,7.663966560767846e-16,
5089.75369787217,7.647845124273288e-16,
5093.24554133416,7.607006420121782e-16,
5096.73738479615,7.546126242282554e-16,
5100.22922825814,7.643561127814162e-16,
5103.72107172013,7.593358463171253e-16,
5107.21291518212,7.470610365348913e-16,
5110.70475864411,7.805650850880993e-16,
5114.1966021061,8.04766107973186e-16,
5117.68844556809,8.1235440090697e-16,
5121.18028903008,7.974566098992208e-16,
5124.67213249207,7.548623435886405e-16,
5128.16397595406,7.702641099199087e-16,
5131.65581941605,7.898108876988245e-16,
5135.14766287804,7.950870597999758e-16,
5138.63950634003,8.145665102699193e-16,
5142.13134980202,7.982559799244337e-16,
5145.62319326401,7.543367162974582e-16,
5149.115036726,7.706723010626685e-16,
5152.60688018799,7.924800597886884e-16,
5156.09872364998,8.118610453580671e-16,
5159.59056711198,8.172364040920386e-16,
5163.08241057397,8.354830327650682e-16,
5166.57425403596,8.478729072897424e-16,
5170.06609749795,8.310488128922014e-16,
5173.55794095994,8.054809322199036e-16,
5177.04978442193,7.874509263281163e-16,
5180.54162788392,7.946442255089543e-16,
5184.03347134591,8.018872211108103e-16,
5187.5253148079,7.769031187285622e-16,
5191.01715826989,7.612203923407089e-16,
5194.50900173188,7.821299037225193e-16,
5198.00084519387,8.141998702841515e-16,
5201.49268865586,8.259737978811044e-16,
5204.98453211785,7.989815270503752e-16,
5208.47637557984,7.778657033481146e-16,
5211.96821904183,7.826531596077194e-16,
5215.46006250382,7.760588981989035e-16,
5218.95190596581,7.818251265015043e-16,
5222.4437494278,7.789643860501228e-16,
5225.93559288979,7.679610622927729e-16,
5229.42743635178,7.738134860475958e-16,
5232.91927981377,7.922551886388124e-16,
5236.41112327576,7.970655341213757e-16,
5239.90296673775,7.843375795873279e-16,
5243.39481019974,7.68840132179909e-16,
5246.88665366173,7.757804126529083e-16,
5250.37849712373,7.607972510298004e-16,
5253.87034058572,7.245804171375777e-16,
5257.36218404771,7.397447335568033e-16,
5260.8540275097,7.609238634883276e-16,
5264.34587097169,7.395719302339274e-16,
5267.83771443368,7.376430492289376e-16,
5271.32955789567,7.56554702623059e-16,
5274.82140135766,7.442019457572365e-16,
5278.31324481965,7.278458431750499e-16,
5281.80508828164,7.125869798303606e-16,
5285.29693174363,6.851931165517784e-16,
5288.78877520562,6.932002204029384e-16,
5292.28061866761,7.132833483522604e-16,
5295.7724621296,7.334049343203369e-16,
5299.26430559159,7.223743909464959e-16,
5302.75614905358,7.173602076540723e-16,
5306.24799251557,7.180617314063682e-16,
5309.73983597756,7.342570939048056e-16,
5313.23167943955,7.541982468090201e-16,
5316.72352290154,7.74465932006521e-16,
5320.21536636353,7.69358335939321e-16,
5323.70720982552,7.758239227974511e-16,
5327.19905328751,7.830946535388379e-16,
5330.6908967495,7.904956054000292e-16,
5334.18274021149,7.823346694738509e-16,
5337.67458367348,7.781802755068821e-16,
5341.16642713548,7.589910645082369e-16,
5344.65827059746,7.28707900801879e-16,
5348.15011405946,7.061022155151571e-16,
5351.64195752145,6.993966011297863e-16,
5355.13380098344,6.851602261818516e-16,
5358.62564444543,6.821882358585231e-16,
5362.11748790742,7.201320719334258e-16,
5365.60933136941,7.488640268136092e-16,
5369.1011748314,7.239589025610289e-16,
5372.59301829339,6.861633309123168e-16,
5376.08486175538,6.278801519374081e-16,
5379.57670521737,5.734996885815324e-16,
5383.06854867936,5.865596399530863e-16,
5386.56039214135,6.129712256320033e-16,
5390.05223560334,6.154668726667359e-16,
5393.54407906533,5.970453785786719e-16,
5397.03592252732,6.134703550389498e-16,
5400.52776598931,6.469652272820529e-16,
5404.0196094513,6.578430727315627e-16,
5407.51145291329,6.537948765107529e-16,
5411.00329637528,6.460558446401881e-16,
5414.49513983727,6.490108227032094e-16,
5417.98698329926,6.336254500046009e-16,
5421.47882676125,6.074823487247106e-16,
5424.97067022324,5.799734207036884e-16,
5428.46251368523,5.469116909184622e-16,
5431.95435714722,4.913676920621959e-16,
5435.44620060921,4.955115693591566e-16,
5438.9380440712,5.575308469066978e-16,
5442.42988753319,6.124205439210962e-16,
5445.92173099519,5.915539240561811e-16,
5449.41357445718,5.253920064669742e-16,
5452.90541791917,4.989501080333284e-16,
5456.39726138116,5.155645907629656e-16,
5459.88910484315,5.732830658002899e-16,
5463.38094830514,6.378078884249241e-16,
5466.87279176713,6.284194921414438e-16,
5470.36463522912,6.146234769739405e-16,
5473.85647869111,6.344599787011149e-16,
5477.3483221531,6.616458799855201e-16,
5480.84016561509,6.828959458872942e-16,
5484.33200907708,6.852113660673805e-16,
5487.82385253907,6.575814963412666e-16,
5491.31569600106,6.266221726161616e-16,
5494.80753946305,6.357290933200169e-16,
5498.29938292504,6.569866858581693e-16,
5501.79122638703,6.524517327833634e-16,
5505.28306984902,6.339201229740396e-16,
5508.77491331101,6.270443859855989e-16,
5512.266756773,6.046852238164165e-16,
5515.75860023499,5.940259601356997e-16,
5519.25044369698,6.120351388966869e-16,
5522.74228715897,6.280323343386997e-16,
5526.23413062096,6.309425650018834e-16,
5529.72597408295,6.140241298880946e-16,
5533.21781754494,6.010052141504932e-16,
5536.70966100693,5.959751527484499e-16,
5540.20150446893,5.754571295629162e-16,
5543.69334793092,5.466649615917068e-16,
5547.18519139291,5.350821899378398e-16,
5550.6770348549,5.537967073216159e-16,
5554.16887831689,5.866434639993264e-16,
5557.66072177888,5.987451611448606e-16,
5561.15256524087,6.070246673701485e-16,
5564.64440870286,6.242195259377741e-16,
5568.13625216485,6.128157438832582e-16,
5571.62809562684,5.92653122281229e-16,
5575.11993908883,5.818089920385094e-16,
5578.61178255082,5.859667884575394e-16,
5582.10362601281,5.910528356616841e-16,
5585.5954694748,5.928983050388655e-16,
5589.08731293679,5.885665711462724e-16,
5592.57915639878,5.687000659781929e-16,
5596.07099986077,5.701188884877964e-16,
5599.56284332276,5.654085544749166e-16,
5603.05468678475,5.573046353969187e-16,
5606.54653024674,5.691497051733372e-16,
5610.03837370873,5.565971315773634e-16,
5613.53021717072,5.605574826722244e-16,
5617.02206063271,5.852407258085585e-16,
5620.5139040947,5.884074807362501e-16,
5624.00574755669,5.874722188377968e-16,
5627.49759101868,5.75291337353379e-16,
5630.98943448068,5.487619031076081e-16,
5634.48127794266,5.102673853217984e-16,
5637.97312140465,5.157168762688652e-16,
5641.46496486665,5.640057131795408e-16,
5644.95680832864,5.768015105456007e-16,
5648.44865179063,5.852907315434002e-16,
5651.94049525262,5.954053966850774e-16,
5655.43233871461,5.787370933501053e-16,
5658.9241821766,5.628093904138313e-16,
5662.41602563859,5.269913651450478e-16,
5665.90786910058,5.157264649974018e-16,
5669.39971256257,5.509697851816326e-16,
5672.89155602456,5.728394066724051e-16,
5676.38339948655,5.639633371856852e-16,
5679.87524294854,5.457371232250239e-16,
5683.36708641053,5.449202254164644e-16,
5686.85892987252,5.340240273467446e-16,
5690.35077333451,5.198808589643706e-16,
5693.8426167965,5.350972432105963e-16,
5697.33446025849,5.507071777452573e-16,
5700.82630372048,5.348414406783438e-16,
5704.31814718247,4.997799970224861e-16,
5707.80999064446,4.894672679289925e-16,
5711.30183410645,4.916772120951753e-16,
5714.79367756844,4.831195296377162e-16,
5718.28552103043,4.905024381925212e-16,
5721.77736449242,4.919381698578238e-16,
5725.26920795441,4.746283496523661e-16,
5728.76105141641,4.736115320090473e-16,
5732.2528948784,4.849269534145746e-16,
5735.74473834039,4.766175468529898e-16,
5739.23658180238,4.812565324771881e-16,
5742.72842526437,4.99409954584657e-16,
5746.22026872636,5.059452401577419e-16,
5749.71211218835,5.05139168333014e-16,
5753.20395565034,5.129371760393098e-16,
5756.69579911233,5.32616958762444e-16,
5760.18764257432,5.419786509524728e-16,
5763.67948603631,5.425301575002431e-16,
5767.1713294983,5.685860322818321e-16,
5770.66317296029,5.8093260287117925e-16,
5774.15501642228,5.870204144458862e-16,
5777.64685988427,6.09282039655975e-16,
5781.13870334626,6.012680277960844e-16,
5784.63054680825,5.897342308309799e-16,
5788.12239027024,5.84966570656096e-16,
5791.61423373223,5.905387560865891e-16,
5795.10607719422,6.028932657307462e-16,
5798.59792065621,6.158626912565454e-16,
5802.0897641182,6.23084034890738e-16,
5805.58160758019,6.216817091184017e-16,
5809.07345104218,6.232040486543581e-16,
5812.56529450417,6.118352190619277e-16,
5816.05713796616,5.973197399403501e-16,
5819.54898142815,6.011514164845254e-16,
5823.04082489014,6.168815709920226e-16,
5826.53266835214,6.330872439512522e-16,
5830.02451181413,6.410012443414593e-16,
5833.51635527612,6.47145660345915e-16,
5837.00819873811,6.312973479577402e-16,
5840.5000422001,6.3677447093973e-16,
5843.99188566209,6.372094692805495e-16,
5847.48372912408,5.761433938332398e-16,
5850.97557258607,5.436355420017663e-16,
5854.46741604806,5.98505442931444e-16,
5857.95925951005,6.389280168853799e-16,
5861.45110297204,6.263950331649112e-16,
5864.94294643403,6.154115054922822e-16,
5868.43478989602,6.318474110409998e-16,
5871.92663335801,6.214386915575314e-16,
5875.41847682,6.19760767168222e-16,
5878.91032028199,6.369432531828969e-16,
5882.40216374398,6.298547082837069e-16,
5885.89400720597,6.152864396028737e-16,
5889.38585066796,5.951563990569477e-16,
5892.87769412995,5.844005263586087e-16,
5896.36953759194,5.922861729816375e-16,
5899.86138105393,6.1518941816682e-16,
5903.35322451592,5.928739723513961e-16,
5906.84506797791,5.779866980136549e-16,
5910.3369114399,5.974491362232913e-16,
5913.82875490189,5.742044085766738e-16,
5917.32059836388,5.7540506173591605e-16,
5920.81244182588,5.916306338844745e-16,
5924.30428528787,5.98577203738557e-16,
5927.79612874985,6.060849719735547e-16,
5931.28797221185,6.147197766777389e-16,
5934.77981567384,5.887653568303444e-16,
5938.27165913583,5.767059325740578e-16,
5941.76350259782,5.776641868000774e-16,
5945.25534605981,5.912790471714633e-16,
5948.7471895218,5.829249963146484e-16,
5952.23903298379,5.738644726843576e-16,
5955.73087644578,5.706800868687115e-16,
5959.22271990777,5.666387986566323e-16,
5962.71456336976,5.705327503839921e-16,
5966.20640683175,5.625554437645213e-16,
5969.69825029374,5.206105302746289e-16,
5973.19009375573,4.93006746014319e-16,
5976.68193721772,5.168942277867173e-16,
5980.17378067971,5.443278894439571e-16,
5983.6656241417,5.558684913131844e-16,
5987.15746760369,5.541320035065756e-16,
5990.64931106568,5.407180940160281e-16,
5994.14115452767,5.2988169661890275e-16,
5997.63299798966,5.328430671676153e-16,
6001.12484145165,5.302627712497795e-16,
6004.61668491364,5.249284481497606e-16,
6008.10852837563,5.334277733991362e-16,
6011.60037183762,5.335705732811072e-16,
6015.09221529961,5.180606502161297e-16,
6018.58405876161,5.045568335074751e-16,
6022.07590222359,5.202538914358294e-16,
6025.56774568559,5.391985383044856e-16,
6029.05958914758,5.343278766262884e-16,
6032.55143260957,5.382122396251114e-16,
6036.04327607156,5.380518088551861e-16,
6039.53511953355,5.313454727375599e-16,
6043.02696299554,5.226031299273138e-16,
6046.51880645753,5.135796208512667e-16,
6050.01064991952,5.169756804269751e-16,
6053.50249338151,5.202469834270987e-16,
6056.9943368435,5.314637337228454e-16,
6060.48618030549,5.27644017313189e-16,
6063.97802376748,5.190304521582366e-16,
6067.46986722947,5.206831159186053e-16,
6070.96171069146,5.165506832331239e-16,
6074.45355415345,5.099597211717615e-16,
6077.94539761544,5.062048575604874e-16,
6081.43724107743,5.103067712820242e-16,
6084.92908453942,5.251458957678664e-16,
6088.42092800141,5.207362147916848e-16,
6091.9127714634,5.026384691724934e-16,
6095.40461492539,5.004392478855342e-16,
6098.89645838738,5.219313003020994e-16,
6102.38830184937,5.251680632585695e-16,
6105.88014531137,5.319610072468494e-16,
6109.37198877335,5.233040350519622e-16,
6112.86383223534,5.22837177387295e-16,
6116.35567569733,5.136514847629878e-16,
6119.84751915933,5.237658405908411e-16,
6123.33936262132,5.211332706367894e-16,
6126.83120608331,5.179413581847649e-16,
6130.3230495453,5.202249190410036e-16,
6133.81489300729,5.166388376728966e-16,
6137.30673646928,5.122629750081131e-16,
6140.79857993127,5.118963350223453e-16,
6144.29042339326,4.980615525222636e-16,
6147.78226685525,4.992668453888623e-16,
6151.27411031724,5.2226010089676e-16,
6154.76595377923,5.335078856794911e-16,
6158.25779724122,5.250090759531549e-16,
6161.74964070321,5.018370370551219e-16,
6165.2414841652,5.006600979557014e-16,
6168.73332762719,5.014736964168076e-16,
6172.22517108918,4.985837773613844e-16,
6175.71701455117,5.077838015261927e-16,
6179.20885801316,5.183949153550103e-16,
6182.70070147515,5.091774665114635e-16,
6186.19254493714,5.191259270251716e-16,
6189.68438839913,5.336446023895946e-16,
6193.17623186112,5.27571947192252e-16,
6196.66807532311,5.289066363417919e-16,
6200.1599187851,5.209546934558698e-16,
6203.65176224709,5.040997707805605e-16,
6207.14360570909,4.855499114556344e-16,
6210.63544917108,4.924334843942773e-16,
6214.12729263306,4.893100334019125e-16,
6217.61913609506,4.801615615410649e-16,
6221.11097955705,4.821230236021578e-16,
6224.60282301904,4.75013136049128e-16,
6228.09466648103,4.666812526830163e-16,
6231.58650994302,4.570250937327647e-16,
6235.07835340501,4.628012200777259e-16,
6238.570196867,4.590839896483431e-16,
6242.06204032899,4.649967295987998e-16,
6245.55388379098,4.668817911454231e-16,
6249.04572725297,4.578160091801282e-16,
6252.53757071496,4.730696141898135e-16,
6256.02941417695,4.6996296924854e-16,
6259.52125763894,4.730347648323361e-16,
6263.01310110093,4.725867753109186e-16,
6266.50494456292,4.643590275988072e-16,
6269.99678802491,4.601399870426719e-16,
6273.4886314869,4.610738054766142e-16,
6276.98047494889,4.84225326557671e-16,
6280.47231841088,4.891420759956089e-16,
6283.96416187287,4.89967531486626e-16,
6287.45600533486,4.737316488772755e-16,
6290.94784879685,4.7232375545611165e-16,
6294.43969225884,4.822154053308552e-16,
6297.93153572083,5.030997591883328e-16,
6301.42337918282,5.052824837380244e-16,
6304.91522264482,5.030431547585841e-16,
6308.40706610681,4.842983246200792e-16,
6311.8989095688,4.877994477912591e-16,
6315.39075303079,4.930076739557904e-16,
6318.88259649278,4.684906354474254e-16,
6322.37443995477,4.58949335030398e-16,
6325.86628341676,4.618030643684408e-16,
6329.35812687875,4.689815164857382e-16,
6332.84997034074,4.959496608382138e-16,
6336.34181380273,4.999883714350948e-16,
6339.83365726472,4.900807403461235e-16,
6343.32550072671,4.865374473903037e-16,
6346.8173441887,4.884141574636853e-16,
6350.30918765069,4.975378842186318e-16,
6353.80103111268,4.954715647712831e-16,
6357.29287457467,4.772476191119961e-16,
6360.78471803666,4.799035938120462e-16,
6364.27656149865,4.814701652248008e-16,
6367.76840496064,4.63391081539643e-16,
6371.26024842263,4.592117362575574e-16,
6374.75209188462,4.735428643401719e-16,
6378.24393534661,4.755353608882489e-16,
6381.7357788086,4.68933366633839e-16,
6385.22762227059,4.761707945868672e-16,
6388.71946573258,4.726951382538438e-16,
6392.21130919457,4.758925152500879e-16,
6395.70315265657,4.818615503164696e-16,
6399.19499611855,4.656847466474579e-16,
6402.68683958055,4.508599537021169e-16,
6406.17868304254,4.604418773346652e-16,
6409.67052650453,4.692540219644739e-16,
6413.16236996652,4.623635410171005e-16,
6416.65421342851,4.528552340746079e-16,
6420.1460568905,4.4988241891441605e-16,
6423.63790035249,4.417226171389248e-16,
6427.12974381448,4.437498599398713e-16,
6430.62158727647,4.402808023017548e-16,
6434.11343073846,4.251840194007176e-16,
6437.60527420045,4.2400677098747345e-16,
6441.09711766244,4.2114293739785434e-16,
6444.58896112443,4.2333071407333415e-16,
6448.08080458642,4.214152366673742e-16,
6451.57264804841,4.263238408412864e-16,
6455.0644915104,4.3420556948921426e-16,
6458.55633497239,4.3282231806934347e-16,
6462.04817843438,4.4108862690481735e-16,
6465.54002189637,4.3686370938603053e-16,
6469.03186535836,4.242737088173814e-16,
6472.52370882035,4.375377042080114e-16,
6476.01555228234,4.3414308809681403e-16,
6479.50739574433,4.2025623776973204e-16,
6482.99923920632,4.2520195960249593e-16,
6486.49108266831,4.328430420955356e-16,
6489.9829261303,4.401416110810612e-16,
6493.47476959229,4.365288256195025e-16,
6496.96661305429,4.269575217615701e-16,
6500.45845651628,4.222420325182943e-16,
6503.95029997827,4.1621371230235784e-16,
6507.44214344026,4.2505111756110726e-16,
6510.93398690225,4.382245871059824e-16,
6514.42583036424,4.347352178601054e-16,
6517.91767382623,4.388642480935255e-16,
6521.40951728822,4.344446690749835e-16,
6524.90136075021,4.146367273242032e-16,
6528.3932042122,4.2214222725782654e-16,
6531.88504767419,4.273938604622926e-16,
6535.37689113618,4.56523696024444e-16,
6538.86873459817,4.6440253774335e-16,
6542.36057806016,4.531137173266663e-16,
6545.85242152215,4.428726459356778e-16,
6549.34426498414,4.3227277050912355e-16,
6552.83610844613,4.442444527440693e-16,
6556.32795190812,4.669628313672491e-16,
6559.81979537011,5.030085116103225e-16,
6563.3116388321,5.164618070610958e-16,
6566.80348229409,4.995101722635564e-16,
6570.29532575608,4.75229037098115e-16,
6573.78716921807,4.815461533208387e-16,
6577.27901268006,4.869395553611964e-16,
6580.77085614205,4.994184091625065e-16,
6584.26269960405,5.037844768895374e-16,
6587.75454306603,4.994869737267741e-16,
6591.24638652802,4.884247772383012e-16,
6594.73822999001,4.842528554879859e-16,
6598.23007345201,4.753617327285096e-16,
6601.721916914,4.650034313983148e-16,
6605.21376037599,4.657640340909494e-16,
6608.70560383798,4.982669369012426e-16,
6612.19744729997,5.162715790594812e-16,
6615.68929076196,4.969889552860593e-16,
6619.18113422395,4.897604974339203e-16,
6622.67297768594,4.840591219297021e-16,
6626.16482114793,4.944748525265089e-16,
6629.65666460992,5.218208752670157e-16,
6633.14850807191,5.114241159180662e-16,
6636.6403515339,4.902166322193636e-16,
6640.13219499589,4.895729501521117e-16,
6643.62403845788,4.884700401611786e-16,
6647.11588191987,4.90191165381207e-16,
6650.60772538186,5.228694491295743e-16,
6654.09956884385,5.4754516562953e-16,
6657.59141230584,5.303096838463836e-16,
6661.08325576783,5.182119046759502e-16,
6664.57509922982,4.985685178794121e-16,
6668.06694269181,4.772783442851567e-16,
6671.5587861538,4.77328968647646e-16,
6675.05062961579,4.810148552762208e-16,
6678.54247307778,4.838502319940536e-16,
6682.03431653977,4.89486136072242e-16,
6685.52616000177,4.874375506174558e-16,
6689.01800346376,4.852751376755246e-16,
6692.50984692575,4.874334264331389e-16,
6696.00169038773,4.696290134234833e-16,
6699.49353384972,4.506588997166706e-16,
6702.98537731172,4.573148176810233e-16,
6706.47722077371,4.452793136937743e-16,
6709.9690642357,4.1569695200745683e-16,
6713.46090769769,4.0068296210658037e-16,
6716.95275115968,4.2168660799542277e-16,
6720.44459462167,4.554684203623705e-16,
6723.93643808366,4.693447540194445e-16,
6727.42828154565,4.46148382433942e-16,
6730.92012500764,4.0930755945458037e-16,
6734.41196846963,4.2027283761160736e-16,
6737.90381193162,4.466737004113006e-16,
6741.39565539361,4.541387833386188e-16,
6744.8874988556,4.56786612774643e-16,
6748.37934231759,4.582581217388943e-16,
6751.87118577958,4.650202374494058e-16,
6755.36302924157,4.69096787437394e-16,
6758.85487270356,4.539741252797686e-16,
6762.34671616555,4.369437185617774e-16,
6765.83855962754,4.3669503024747147e-16,
6769.33040308953,4.454256191324144e-16,
6772.82224655152,4.583834969421265e-16,
6776.31409001351,4.457675140122812e-16,
6779.8059334755,4.377808248734896e-16,
6783.29777693749,4.1309098304224863e-16,
6786.78962039948,3.91254148816795e-16,
6790.28146386147,3.8862137265352736e-16,
6793.77330732347,4.3885084449449573e-16,
6797.26515078546,4.546211066944742e-16,
6800.75699424745,4.491003704633338e-16,
6804.24883770944,4.659653973902195e-16,
6807.74068117143,4.521561848329021e-16,
6811.23252463342,4.3013304058093496e-16,
6814.72436809541,4.476671133086212e-16,
6818.2162115574,4.334171285524409e-16,
6821.70805501939,4.106719427312016e-16,
6825.19989848138,4.371747759881288e-16,
6828.69174194337,4.515763245179533e-16,
6832.18358540536,4.425035314393199e-16,
6835.67542886735,4.2479005669385075e-16,
6839.16727232934,4.128509555150081e-16,
6842.65911579133,4.187915337096036e-16,
6846.15095925332,4.0791317273705416e-16,
6849.64280271531,4.089700980728543e-16,
6853.1346461773,4.148176759111049e-16,
6856.62648963929,4.161413328675972e-16,
6860.11833310128,4.215656662903312e-16,
6863.61017656327,4.052388454167942e-16,
6867.10202002526,3.918708174767717e-16,
6870.59386348725,3.9119331709812156e-16,
6874.08570694924,3.885376517118953e-16,
6877.57755041124,4.1364176785776364e-16,
6881.06939387322,4.069298640913097e-16,
6884.56123733522,4.0250616088845086e-16,
6888.05308079721,3.8772982710883274e-16,
6891.5449242592,3.7759856212528035e-16,
6895.03676772119,3.934944057377068e-16,
6898.52861118318,4.096370817814965e-16,
6902.02045464517,4.1084680814623593e-16,
6905.51229810716,4.1036427858116473e-16,
6909.00414156915,4.23613530012862e-16,
6912.49598503114,4.3780886932684415e-16,
6915.98782849313,4.289821869473186e-16,
6919.47967195512,4.1075710713734444e-16,
6922.97151541711,4.079824590335772e-16,
6926.4633588791,4.034734883199675e-16,
6929.95520234109,3.9605593661690095e-16,
6933.44704580308,3.9884058586763654e-16,
6936.93888926507,3.864116346965603e-16,
6940.43073272706,3.673290338625056e-16,
6943.92257618905,3.501687153385336e-16,
6947.41441965104,3.3418894457525935e-16,
6950.90626311303,3.3264082888732265e-16,
6954.39810657502,3.457805832254076e-16,
6957.88995003701,3.584454377394075e-16,
6961.381793499,3.5058175239786593e-16,
6964.87363696099,3.4728013664301343e-16,
6968.36548042298,3.885019775175546e-16,
6971.85732388497,4.096899744453601e-16,
6975.34916734697,4.0455814879529846e-16,
6978.84101080896,3.9431841776421294e-16,
6982.33285427095,3.8296825010581613e-16,
6985.82469773293,3.726675842514492e-16,
6989.31654119493,3.5814725921329945e-16,
6992.80838465692,3.710358507264884e-16,
6996.30022811891,3.794410414688321e-16,
6999.7920715809,3.3373435635893484e-16,
7003.28391504289,3.179893547878971e-16,
7006.77575850488,3.4403687809624433e-16,
7010.26760196687,3.611630689949944e-16,
7013.75944542886,3.7198864040828813e-16,
7017.25128889085,3.6459284377749294e-16,
7020.74313235284,3.613125706764801e-16,
7024.23497581483,3.726418080994689e-16,
7027.72681927682,3.7233888676139644e-16,
7031.21866273881,3.6086489046888627e-16,
7034.7105062008,3.496242199041018e-16,
7038.20234966279,3.461122707490901e-16,
7041.69419312478,3.4786783290816424e-16,
7045.18603658677,3.5134709790246496e-16,
7048.67788004876,3.4269208469512816e-16,
7052.16972351075,3.360308052911636e-16,
7055.66156697274,3.271710263324953e-16,
7059.15341043473,3.380784628044785e-16,
7062.64525389673,3.4281673816610494e-16,
7066.13709735871,3.326208265933859e-16,
7069.62894082071,3.325041121772191e-16,
7073.1207842827,3.4897888816312304e-16,
7076.61262774469,3.44496518438357e-16,
7080.10447120668,3.150920122007036e-16,
7083.59631466867,3.1608470336576887e-16,
7087.08815813066,3.2881018338922647e-16,
7090.58000159265,3.3624340699269706e-16,
7094.07184505464,3.349975940151853e-16,
7097.56368851663,3.15633105183074e-16,
7101.05553197862,3.1226581179297573e-16,
7104.54737544061,3.258438638193337e-16,
7108.0392189026,3.4116819859005294e-16,
7111.53106236459,3.5204573472573895e-16,
7115.02290582658,3.319271387912921e-16,
7118.51474928857,3.170520307972855e-16,
7122.00659275056,3.203935480354035e-16,
7125.49843621255,3.215648163813883e-16,
7128.99027967454,3.3427792385189535e-16,
7132.48212313653,3.1832516649589644e-16,
7135.97396659852,3.1320478545731407e-16,
7139.46581006051,3.190945330802044e-16,
7142.9576535225,3.294023131525179e-16,
7146.44949698449,3.3762562736648857e-16,
7149.94134044648,3.219348588192174e-16,
7153.43318390847,3.2741156938277545e-16,
7156.92502737046,3.469835046860241e-16,
7160.41687083245,3.3217190913049703e-16,
7163.90871429445,3.2062491477557866e-16,
7167.40055775644,3.155128852102379e-16,
7170.89240121843,3.1542937047782177e-16,
7174.38424468042,3.1156923706186014e-16,
7177.87608814241,2.870605500267367e-16,
7181.3679316044,2.8282748724392413e-16,
7184.85977506639,2.925075664632134e-16,
7188.35161852838,2.878807471827498e-16,
7191.84346199037,2.821861765826543e-16,
7195.33530545236,2.7100561600428786e-16,
7198.82714891435,2.752917776601799e-16,
7202.31899237634,2.8868455070610344e-16,
7205.81083583833,2.968588902313116e-16,
7209.30267930032,2.8752369592551874e-16,
7212.79452276231,2.9038608605062693e-16,
7216.2863662243,3.132537601460766e-16,
7219.77820968629,3.0634771040290707e-16,
7223.27005314828,2.900692455904851e-16,
7226.76189661027,2.822269029027832e-16,
7230.25374007226,2.702502716466572e-16,
7233.74558353425,2.607407274488696e-16,
7237.23742699624,2.6652304007030603e-16,
7240.72927045823,2.7266982748074394e-16,
7244.22111392022,2.5330049273206035e-16,
7247.71295738221,2.303629137124401e-16,
7251.20480084421,2.3896276595453904e-16,
7254.69664430619,2.4899195737624944e-16,
7258.18848776818,2.4944922631237995e-16,
7261.68033123018,2.5798340091923307e-16,
7265.17217469217,2.52370695377827e-16,
7268.66401815416,2.2967963947574635e-16,
7272.15586161614,2.2986997058196885e-16,
7275.64770507814,2.412098277795735e-16,
7279.13954854013,2.3704821649005033e-16,
7282.63139200212,2.381757684822765e-16,
7286.12323546411,2.433487328708987e-16,
7289.6150789261,2.664571562258444e-16,
7293.10692238809,2.413067461110195e-16,
7296.59876585008,2.478158431136924e-16,
7300.09060931207,2.5021890221051167e-16,
7303.58245277406,2.3602717155780675e-16,
7307.07429623605,2.463138151854964e-16,
7310.56613969804,2.357223943367917e-16,
7314.05798316003,2.2811760466574024e-16,
7317.54982662202,2.524259594476728e-16,
7321.04167008401,2.567286178408321e-16,
7324.533513546,2.437171256350011e-16,
7328.02535700799,2.4369660781802485e-16,
7331.51720046998,2.48992576003897e-16,
7335.00904393197,2.537862185399771e-16,
7338.50088739396,2.689955916728642e-16,
7341.99273085595,2.777981475741362e-16,
7345.48457431794,2.7054247010550586e-16,
7348.97641777993,2.595952352548651e-16,
7352.46826124193,2.5810846680864146e-16,
7355.96010470391,2.6421298132983165e-16,
7359.4519481659,2.4118652613818337e-16,
7362.94379162789,2.3740279323669133e-16,
7366.43563508989,2.495189250273347e-16,
7369.92747855188,2.3555938595166828e-16,
7373.41932201387,2.376545746892349e-16,
7376.91116547586,2.444209176886712e-16,
7380.40300893785,2.3943240744362005e-16,
7383.89485239984,2.3305435639761497e-16,
7387.38669586183,2.531495475860637e-16,
7390.87853932382,2.473902272921937e-16,
7394.37038278581,2.3988782049680797e-16,
7397.8622262478,2.431055091008126e-16,
7401.35406970979,2.3263863861847674e-16,
7404.84591317178,2.489835027983999e-16,
7408.33775663377,2.493988081591065e-16,
7411.82960009576,2.272345136988952e-16,
7415.32144355775,2.308409066747627e-16,
7418.81328701974,2.3482507493405356e-16,
7422.30513048173,2.3236407104758253e-16,
7425.79697394372,2.299343078573117e-16,
7429.28881740571,2.2616954620367717e-16,
7432.7806608677,2.380721483513157e-16,
7436.27250432969,2.4276237696565086e-16,
7439.76434779168,2.238862946612623e-16,
7443.25619125367,2.2074242895652925e-16,
7446.74803471566,2.5075700515925243e-16,
7450.23987817765,2.332057139620433e-16,
7453.73172163965,2.1824028633149768e-16,
7457.22356510163,2.3710812026725253e-16,
7460.71540856363,2.4788636666551053e-16,
7464.20725202561,2.3393425112161443e-16,
7467.69909548761,2.295719982650766e-16,
7471.1909389496,2.4241821378440994e-16,
7474.68278241159,2.4380383661026285e-16,
7478.17462587358,2.2365183478284953e-16,
7481.66646933557,2.099908866517229e-16,
7485.15831279756,2.2059199933357224e-16,
7488.65015625955,2.3754672726934933e-16,
7492.14199972154,2.4250688374722216e-16,
7495.63384318353,2.442412063570646e-16,
7499.12568664552,2.362317310999224e-16,
7502.61753010751,2.169965354461443e-16,
7506.1093735695,2.256963991579268e-16,
7509.60121703149,2.2890975736839877e-16,
7513.09306049348,2.1017204144784047e-16,
7516.58490395547,2.2027206573519275e-16,
7520.07674741746,2.1347840001465732e-16,
7523.56859087945,2.0705374568587183e-16,
7527.06043434144,2.1817790804370538e-16,
7530.55227780343,2.366519854818092e-16,
7534.04412126542,2.389090484538121e-16,
7537.53596472741,2.350641745198228e-16,
7541.0278081894,2.0690888371174256e-16,
7544.51965165139,1.9462809386224906e-16,
7548.01149511338,1.9882713212444765e-16,
7551.50333857537,2.092139934310367e-16,
7554.99518203737,2.0654781137480255e-16,
7558.48702549936,1.9328020732289527e-16,
7561.97886896135,1.9760606425283692e-16,
7565.47071242334,2.024306381712934e-16,
7568.96255588533,1.8477479890165217e-16,
7572.45439934732,1.7722970679858706e-16,
7575.94624280931,2.004089630191746e-16,
7579.4380862713,2.1071117544266036e-16,
7582.92992973329,2.0701167900584e-16,
7586.42177319528,1.985734947889615e-16,
7589.91361665727,1.9274334162944963e-16,
7593.40546011926,1.895499857129144e-16,
7596.89730358125,1.6641609551981217e-16,
7600.38914704324,1.761274154353016e-16,
7603.88099050523,1.8045791207259968e-16,
7607.37283396722,1.778087422766725e-16,
7610.86467742921,1.723818312387404e-16,
7614.3565208912,1.955725320708072e-16,
7617.84836435319,2.2487434611897114e-16,
7621.34020781518,2.137317280363197e-16,
7624.83205127717,1.9840790878864007e-16,
7628.32389473916,2.0250301760605408e-16,
7631.81573820115,2.1342870359363932e-16,
7635.30758166314,2.0623220816995578e-16,
7638.79942512513,1.6501304801522055e-16,
7642.29126858713,1.5000400713552434e-16,
7645.78311204911,1.6349905995250573e-16,
7649.27495551111,1.589285357879671e-16,
7652.7667989731,1.6937457913950295e-16,
7656.25864243509,1.7072885816454784e-16,
7659.75048589708,1.762710401541358e-16,
7663.24232935907,1.6279403064354062e-16,
7666.73417282106,1.5581405489649158e-16,
7670.22601628305,1.6679593289539386e-16,
7673.71785974504,1.6530215333583158e-16,
7677.20970320703,1.675657118981335e-16,
7680.70154666902,1.6079297641300605e-16,
7684.19339013101,1.5858086705005684e-16,
7687.685233593,1.6331945172550702e-16,
7691.17707705499,1.5139344483187035e-16,
7694.66892051698,1.5213909735635642e-16,
7698.16076397897,1.580933884638054e-16,
7701.65260744096,1.6169431689545315e-16,
7705.14445090295,1.690440257665076e-16,
7708.63629436494,1.6571828353340155e-16,
7712.12813782693,1.6331738963334858e-16,
7715.61998128892,1.5952674872312587e-16,
7719.11182475091,1.8815260896175843e-16,
7722.6036682129,1.833860829375616e-16,
7726.09551167489,1.8662903217050694e-16,
7729.58735513688,1.9084528890222836e-16,
7733.07919859887,1.8034934292045868e-16,
7736.57104206086,1.7800216652113266e-16,
7740.06288552286,1.8786669988399296e-16,
7743.55472898485,1.9514887523685902e-16,
7747.04657244684,1.7888402023268264e-16,
7750.53841590883,1.6864449541081294e-16,
7754.03025937082,1.7165710894966234e-16,
7757.52210283281,1.9771937621694232e-16,
7761.0139462948,2.1272336497085042e-16,
7764.50578975679,1.9950442629388197e-16,
7767.99763321878,2.0585319563123745e-16,
7771.48947668077,2.176113482231784e-16,
7774.98132014276,2.0538757522186534e-16,
7778.47316360475,1.9369540957899394e-16,
7781.96500706674,1.9087776685372352e-16,
7785.45685052873,2.0463099360893962e-16,
7788.94869399072,2.1306226981708738e-16,
7792.44053745271,1.974278994903491e-16,
7795.9323809147,1.9180942009089944e-16,
7799.42422437669,2.0478884676366696e-16,
7802.91606783868,2.095895004130857e-16,
7806.40791130067,1.8438341380998333e-16,
7809.89975476266,1.9194716784708217e-16,
7813.39159822465,2.1323445451231579e-16,
7816.88344168664,2.201009120860436e-16,
7820.37528514863,2.1653637958099204e-16,
7823.86712861062,2.1466472163339859e-16,
7827.35897207261,2.137789499467476e-16,
7830.85081553461,2.1866115934103202e-16,
7834.3426589966,2.2932093854478846e-16,
7837.83450245859,2.2390536901372776e-16,
7841.32634592058,2.02274125376469e-16,
7844.81818938257,1.8235225303393578e-16,
7848.31003284456,1.8863874718810688e-16,
7851.80187630655,2.2128290331125217e-16,
7855.29371976854,2.3612955443347248e-16,
7858.78556323053,2.215721117364711e-16,
7862.27740669252,2.2694138729857526e-16,
7865.76925015451,2.329604280997987e-16,
7869.2610936165,2.0760638638432945e-16,
7872.75293707849,2.0927358789441516e-16,
7876.24478054048,2.3053159285099915e-16,
7879.73662400247,2.29767690810911e-16,
7883.22846746446,2.2354295631688475e-16,
7886.72031092645,2.31673991906766e-16,
7890.21215438844,2.3762611781744866e-16,
7893.70399785043,2.45791074823336e-16,
7897.19584131242,2.493286970257201e-16,
7900.68768477441,2.4765850548200465e-16,
7904.1795282364,2.545636272837029e-16,
7907.67137169839,2.5546445224311036e-16,
7911.16321516038,2.717840557940929e-16,
7914.65505862237,2.6043894026148426e-16,
7918.14690208436,2.3251594413505047e-16,
7921.63874554636,2.0637789498094841e-16,
7925.13058900834,2.446834220204386e-16,
7928.62243247033,2.7654645763397286e-16,
7932.11427593232,2.602022120816972e-16,
7935.60611939432,2.5627825691343233e-16,
7939.09796285631,2.6118583004126543e-16,
7942.5898063183,2.6325926370656063e-16,
7946.08164978029,2.464733180139505e-16,
7949.57349324228,2.333941891853232e-16,
7953.06533670427,2.3766797828826467e-16,
7956.55718016626,2.4119910490034973e-16,
7960.04902362825,2.4751745837836846e-16,
7963.54086709024,2.5735477212473755e-16,
7967.03271055223,2.572130032888459e-16,
7970.52455401422,2.5391499619527066e-16,
7974.01639747621,2.6235256178450163e-16,
7977.5082409382,2.5902424193619755e-16,
7981.00008440019,2.6936058198490523e-16,
7984.49192786218,2.629613944942763e-16,
7987.98377132417,2.624642240748803e-16,
7991.47561478616,2.6873783015306125e-16,
7994.96745824815,2.3557835719952576e-16,
7998.45930171014,2.21178458343428e-16,
8001.95114517213,2.439393160650713e-16,
8005.44298863412,2.5554002792071663e-16,
8008.93483209611,2.7061093156516556e-16,
8012.4266755581,2.875400895581782e-16,
8015.91851902009,2.705925789449556e-16,
8019.41036248208,2.545441405128058e-16,
8022.90220594407,2.642100944008099e-16,
8026.39404940607,2.670302116366704e-16,
8029.88589286806,2.641066804790649e-16,
8033.37773633005,2.5988330952939693e-16,
8036.86957979204,2.6331782712385983e-16,
8040.36142325403,2.756319197617119e-16,
8043.85326671602,2.7539983128928126e-16,
8047.34511017801,2.598690810935038e-16,
8050.83695364,2.7444497951532314e-16,
8054.32879710199,2.844334446169047e-16,
8057.82064056398,2.789511664045189e-16,
8061.31248402597,2.532127507107194e-16,
8064.80432748796,2.5733868780590187e-16,
8068.29617094995,2.809114943149246e-16,
8071.78801441194,2.7074465824163933e-16,
8075.27985787393,2.670473270015853e-16,
8078.77170133592,2.7622621472176964e-16,
8082.26354479791,2.7903942394889944e-16,
8085.7553882599,2.913034077473018e-16,
8089.24723172189,2.8131669542405485e-16,
8092.73907518388,2.909815151613718e-16,
8096.23091864587,2.8719716363223227e-16,
8099.72276210786,2.6034212503464625e-16,
8103.21460556985,2.6712723307272423e-16,
8106.70644903184,2.6810765478944687e-16,
8110.19829249383,2.4686944591758373e-16,
8113.69013595582,2.4207425681238484e-16,
8117.18197941781,2.5657014605845724e-16,
8120.67382287981,2.6279776748150536e-16,
8124.16566634179,2.5770202844421617e-16,
8127.65750980379,2.625903210103679e-16,
8131.14935326577,2.7070485986298177e-16,
8134.64119672777,2.6773183849357413e-16,
8138.13304018976,2.7350889278000656e-16,
8141.62488365175,2.840658766896656e-16,
8145.11672711374,2.729493440728183e-16,
8148.60857057573,2.620535584215302e-16,
8152.10041403772,2.5561550049371493e-16,
8155.59225749971,2.511234389358043e-16,
8159.0841009617,2.694650269527294e-16,
8162.57594442369,2.4528215047863694e-16,
8166.06778788568,2.3415138942589643e-16,
8169.55963134767,2.3707296159595143e-16,
8173.05147480966,2.464891961235704e-16,
8176.54331827165,2.4503789566247165e-16,
8180.03516173364,2.5189507382148654e-16,
8183.52700519563,2.7519001341216163e-16,
8187.01884865762,2.816334327795888e-16,
8190.51069211961,2.7438363227360996e-16,
8194.0025355816,2.785564819653966e-16,
8197.49437904359,2.8454118893218237e-16,
8200.98622250558,2.848000846026724e-16,
8204.47806596757,2.927433667015292e-16,
8207.96990942956,3.052524301529602e-16,
8211.46175289155,3.007496457158258e-16,
8214.95359635354,2.860382678391981e-16,
8218.44543981553,2.822793831482151e-16,
8221.93728327752,2.7168981818245295e-16,
8225.42912673952,2.3477878096509693e-16,
8228.9209702015,2.1720284776659464e-16,
8232.4128136635,2.4673293541669613e-16,
8235.90465712549,2.880037509799998e-16,
8239.39650058748,2.8838812495833003e-16,
8242.88834404947,2.8709106899068137e-16,
8246.38018751146,2.934243726368487e-16,
8249.87203097345,2.849435031122908e-16,
8253.36387443544,2.897951935426306e-16,
8256.85571789743,2.82212777571498e-16,
8260.34756135942,2.7930811455714206e-16,
8263.83940482141,2.9522860017086167e-16,
8267.3312482834,2.8221401482679304e-16,
8270.82309174539,2.833256887093994e-16,
8274.31493520738,2.932521879416203e-16,
8277.80677866937,2.696707206455322e-16,
8281.29862213136,2.607451609470102e-16,
8284.79046559335,2.587866889195471e-16,
8288.28230905534,2.6514009796425903e-16,
8291.77415251733,2.8726799649787415e-16,
8295.26599597932,2.8601001717662766e-16,
8298.75783944131,2.826776762486147e-16,
8302.2496829033,2.7874217336426267e-16,
8305.74152636529,2.6529784801437846e-16,
8309.23336982728,2.825734374900063e-16,
8312.72521328927,2.7788155920194443e-16,
8316.21705675126,2.5575757864343035e-16,
8319.70890021325,2.5075102509199296e-16,
8323.20074367525,2.608803310879949e-16,
8326.69258713723,2.697334082471483e-16,
8330.18443059923,2.8143299742179e-16,
8333.67627406122,2.8373759161804453e-16,
8337.16811752321,2.636161087545759e-16,
8340.6599609852,2.77892591394992e-16,
8344.15180444719,3.1718379848620877e-16,
8347.64364790918,2.8789580045550635e-16,
8351.13549137117,2.5511698971441593e-16,
8354.62733483316,2.8663081002092117e-16,
8358.11917829515,2.86966003101273e-16,
8361.61102175714,2.595758515885759e-16,
8365.10286521913,2.7587493732258216e-16,
8368.59470868112,2.8504753566168333e-16,
8372.08655214311,2.6814683454045693e-16,
8375.5783956051,2.665823252198607e-16,
8379.07023906709,2.8200584662340014e-16,
8382.56208252908,2.6962782912863697e-16,
8386.05392599107,2.754069455072279e-16,
8389.54576945306,2.532279070880838e-16,
8393.03761291505,2.2474165048857654e-16,
8396.52945637704,2.6167691728879404e-16,
8400.02129983903,2.970486027098866e-16,
8403.51314330102,2.739337868692498e-16,
8407.00498676302,2.4604780529705975e-16,
8410.49683022501,2.401116606006049e-16,
8413.988673687,2.5056327160096843e-16,
8417.48051714898,2.644585765059e-16,
8420.97236061098,2.467655164727992e-16,
8424.46420407297,2.342890340774713e-16,
8427.95604753496,2.439890124860893e-16,
8431.44789099695,2.6359218848553814e-16,
8434.93973445894,2.5604513739492257e-16,
8438.43157792093,2.6925603391247314e-16,
8441.92342138292,2.789128114903722e-16,
8445.41526484491,2.606284465308434e-16,
8448.9071083069,2.583020972623175e-16,
8452.39895176889,2.6451167537897936e-16,
8455.89079523088,2.6309842051820353e-16,
8459.38263869287,2.6718373439786504e-16,
8462.87448215486,2.9076509858934526e-16,
8466.36632561685,3.057192878176274e-16,
8469.85816907884,2.6312698049459774e-16,
8473.35001254083,2.5242111353110043e-16,
8476.84185600282,2.7406235831532756e-16,
8480.33369946481,2.8126586485234973e-16,
8483.8255429268,2.628110679759272e-16,
8487.31738638879,2.433933771661286e-16,
8490.80922985078,2.496812116802026e-16,
8494.30107331277,2.475906626499925e-16,
8497.79291677477,2.351448023232172e-16,
8501.28476023675,2.3030476271357255e-16,
8504.77660369874,2.4574096598388625e-16,
8508.26844716073,2.62484226368817e-16,
8511.76029062273,2.7417866031306265e-16,
8515.25213408472,2.910757527730118e-16,
8518.74397754671,2.6894187417213726e-16,
8522.2358210087,2.4032343746527503e-16,
8525.72766447069,2.449335537992554e-16,
8529.21950793268,2.296192201755045e-16,
8532.71135139467,2.253457403863868e-16,
8536.20319485666,2.3369721362800364e-16,
8539.69503831865,2.565227179388135e-16,
8543.18688178064,2.460764683780618e-16,
8546.67872524263,2.4392240690937224e-16,
8550.17056870462,2.3267678732340757e-16,
8553.66241216661,2.406013043836226e-16,
8557.1542556286,2.6634889638752713e-16,
8560.64609909059,2.5399675814935216e-16,
8564.13794255258,2.42101476428876e-16,
8567.62978601457,2.302680574731526e-16,
8571.12162947656,2.3115135464921345e-16,
8574.61347293855,2.3361318337254784e-16,
8578.10531640054,2.426346303564365e-16,
8581.59715986253,2.4265318918586234e-16,
8585.08900332452,2.449593299512357e-16,
8588.58084678651,2.362446191759126e-16,
8592.0726902485,2.488360632090726e-16,
8595.56453371049,2.517693893044306e-16,
8599.05637717248,2.412646794309876e-16,
8602.54822063448,2.2800398338781106e-16,
8606.04006409647,2.299834887552901e-16,
8609.53190755846,2.5671882290307965e-16,
8613.02375102045,2.469130591667344e-16,
8616.51559448244,2.2524407924297653e-16,
8620.00743794443,2.457767432828349e-16,
8623.49928140642,2.3370247196300757e-16,
8626.99112486841,2.159344548799481e-16,
8630.4829683304,2.286633373554671e-16,
8633.97481179239,2.378353170669208e-16,
8637.46665525438,2.1085304738315995e-16,
8640.95849871637,2.19731385171254e-16,
8644.45034217836,2.2166707108036653e-16,
8647.94218564035,2.0941411947501174e-16,
8651.43402910234,2.3577384353614442e-16,
8654.92587256433,2.612471772829785e-16,
8658.41771602632,2.635959002514233e-16,
8661.90955948831,2.612685199368182e-16,
8665.4014029503,2.4465609929933944e-16,
8668.89324641229,2.4145923782613494e-16,
8672.38508987428,2.367211686737243e-16,
8675.87693333627,2.2588343091669587e-16,
8679.36877679826,2.077501142077716e-16,
8682.86062026025,2.1636965942998347e-16,
8686.35246372224,2.2107473510785927e-16,
8689.84430718423,2.2627780604199444e-16,
8693.33615064623,2.2982924426183994e-16,
8696.82799410822,2.2012277026292289e-16,
8700.31983757021,2.1610478369223391e-16,
8703.8116810322,2.244066636174406e-16,
8707.30352449418,2.254487418897001e-16,
8710.79536795618,2.1069900909892568e-16,
8714.28721141817,2.0669628201020905e-16,
8717.77905488016,2.1905862760456823e-16,
8721.27089834215,2.270968690473204e-16,
8724.76274180414,2.1821079841363225e-16,
8728.25458526613,2.3810266731526044e-16,
8731.74642872812,2.4776614669267436e-16,
8735.23827219011,2.1890500173876565e-16,
8738.7301156521,2.1159014222518857e-16,
8742.22195911409,2.201607127586379e-16,
8745.71380257608,2.2523923332640425e-16,
8749.20564603807,2.267748733567825e-16,
8752.69748950006,2.1900975602041357e-16,
8756.18933296205,2.306203659184193e-16,
8759.68117642404,2.158522805074349e-16,
8763.17301988603,2.0624055964319737e-16,
8766.66486334802,1.9966609431910239e-16,
8770.15670681001,2.1910729297950702e-16,
8773.648550272,1.6666127827744877e-16,
8777.14039373399,1.6354277630626433e-16,
8780.63223719598,1.9928883455871875e-16,
8784.12408065797,2.2855610856322907e-16,
8787.61592411997,2.267464164849963e-16,
8791.10776758195,1.83199772911048e-16,
8794.59961104394,1.7903383122799213e-16,
8798.09145450593,2.049281410889685e-16,
8801.58329796793,1.915546486047262e-16,
8805.07514142992,1.9118037887797223e-16,
8808.56698489191,2.0465780080699912e-16,
8812.0588283539,2.1209824173302422e-16,
8815.55067181589,1.9071960438517243e-16,
8819.04251527788,1.7629269212179926e-16,
8822.53435873987,1.6882534089310673e-16,
8826.02620220186,1.786313108386678e-16,
8829.51804566385,2.0176798485618387e-16,
8833.00988912584,2.015841493402604e-16,
8836.50173258783,2.120722593718281e-16,
8839.99357604982,2.476355131544382e-16,
8843.48541951181,2.41843818013681e-16,
8846.9772629738,2.2175182306807774e-16,
8850.46910643579,2.0056485718635146e-16,
8853.96094989778,1.8601762184553424e-16,
8857.45279335977,1.9806188972445652e-16,
8860.94463682176,1.9624322754533457e-16,
8864.43648028375,2.0229134384599186e-16,
8867.92832374574,2.0996449187209509e-16,
8871.42016720773,2.0259519312553562e-16,
8874.91201066972,2.0379687733085715e-16,
8878.40385413171,2.0640862015410895e-16,
8881.8956975937,1.9341321226711365e-16,
8885.38754105569,1.8401687692882346e-16,
8888.87938451768,1.780573274863705e-16,
8892.37122797968,1.8297768558558574e-16,
8895.86307144167,1.95824004209527e-16,
8899.35491490366,1.9497225704349002e-16,
8902.84675836565,2.186254851466913e-16,
8906.33860182764,2.3453813481020884e-16,
8909.83044528963,2.012705051229641e-16,
8913.32228875162,1.8369663401662024e-16,
8916.81413221361,2.1448593824326324e-16,
8920.3059756756,2.46610034724054e-16,
8923.79781913759,2.560856575058356e-16,
8927.28966259958,2.532955437108801e-16,
8930.78150606157,2.4126931913834404e-16,
8934.27334952356,2.2688364871813937e-16,
8937.76519298555,2.223004426868264e-16,
8941.25703644754,1.9599000262828013e-16,
8944.74887990953,2.1319403750601068e-16,
8948.24072337152,2.234834649581142e-16,
8951.73256683351,2.076080360580562e-16,
8955.2244102955,1.904164768378841e-16,
8958.71625375749,1.955170617917456e-16,
8962.20809721948,2.0003510571085236e-16,
8965.69994068147,2.0259539933475147e-16,
8969.19178414346,2.062372602957439e-16,
8972.68362760545,1.751060611892342e-16,
8976.17547106744,1.85130922217412e-16,
8979.66731452943,1.855294215270274e-16,
8983.15915799143,1.8192828688616383e-16,
8986.65100145341,2.4189258649322766e-16,
8990.14284491541,2.229405160928012e-16,
8993.63468837739,1.808291917657239e-16,
8997.12653183939,1.7457672213216682e-16,
9000.61837530138,1.9168827217659203e-16,
9004.11021876337,2.1503321750210892e-16,
9007.60206222536,2.347352708205542e-16,
9011.09390568735,2.2762548637213237e-16,
9014.58574914934,1.696517243255951e-16,
9018.07759261133,1.9127348233892507e-16,
9021.56943607332,2.210374112397918e-16,
9025.06127953531,2.2409198835406514e-16,
9028.5531229973,2.400673256191988e-16,
9032.04496645929,2.5424420920836304e-16,
9035.53680992128,2.2764786007205125e-16,
9039.02865338327,1.902315071712735e-16,
9042.52049684526,2.1640512741510835e-16,
9046.01234030725,2.443716336860849e-16,
9049.50418376924,2.3577281249006515e-16,
9052.99602723123,2.4476745227589433e-16,
9056.48787069322,1.9301491916671405e-16,
9059.97971415521,2.0043659505409747e-16,
9063.4715576172,2.297008790249781e-16,
9066.96340107919,2.1814295558162009e-16,
9070.45524454118,1.7958966816929531e-16,
9073.94708800317,1.8490326724312198e-16,
9077.43893146516,2.2090492181861306e-16,
9080.93077492715,2.493940653471421e-16,
9084.42261838914,2.4777521989817145e-16,
9087.91446185114,2.336180292891201e-16,
9091.40630531313,2.5294529735777184e-16,
9094.89814877512,2.4828981499630613e-16,
9098.38999223711,2.126552128250145e-16,
9101.8818356991,2.355089677983948e-16,
9105.37367916109,2.0550985728685988e-16,
9108.86552262308,2.2750330741174574e-16,
9112.35736608507,2.412205506587973e-16,
9115.84920954706,2.2951302242934573e-16,
9119.34105300905,2.1595548821996402e-16,
9122.83289647104,2.0105027368044444e-16,
9126.32473993303,2.136125391095628e-16,
9129.81658339502,2.43751356364831e-16,
9133.30842685701,2.5464064642582e-16,
9136.800270319,2.3495148118336495e-16,
9140.29211378099,2.2480908090215703e-16,
9143.78395724298,2.3971697616148254e-16,
9147.27580070497,2.2821792544924753e-16,
9150.76764416696,2.402140434762706e-16,
9154.25948762895,2.513117079498684e-16,
9157.75133109094,2.41326954614172e-16,
9161.24317455293,2.28380830729763e-16,
9164.73501801492,2.2994399969045627e-16,
9168.22686147691,2.5622381768045e-16,
9171.71870493891,2.693007813123109e-16,
9175.21054840089,2.5908857921154037e-16,
9178.70239186289,2.2833268087786386e-16,
9182.19423532488,2.263336887394877e-16,
9185.68607878687,2.533531791867081e-16,
9189.17792224886,2.7782021196023135e-16,
9192.66976571085,2.541458474124062e-16,
9196.16160917284,2.2352687199804906e-16,
9199.65345263483,2.382066998646529e-16,
9203.14529609682,2.3759673300419113e-16,
9206.63713955881,2.3133714915268746e-16,
9210.1289830208,2.788041392336233e-16,
9213.62082648279,2.5323378405073536e-16,
9217.11266994478,2.274237106544306e-16,
9220.60451340677,2.1371873685572163e-16,
9224.09635686876,2.1793643705195395e-16,
9227.58820033075,2.550417233506335e-16,
9231.08004379274,2.8036503989294227e-16,
9234.57188725473,2.5331399943569805e-16,
9238.06373071672,2.40395404481604e-16,
9241.55557417871,2.6245030495281093e-16,
9245.0474176407,2.4870718244917114e-16,
9248.53926110269,2.41515326732844e-16,
9252.03110456468,2.5471075755920644e-16,
9255.52294802667,2.564446677506172e-16,
9259.01479148866,2.6519051611753254e-16,
9262.50663495065,2.718341646335426e-16,
9265.99847841264,2.7552190714506e-16,
9269.49032187464,2.848116323187596e-16,
9272.98216533663,3.0186430963206186e-16,
9276.47400879862,2.992427718710575e-16,
9279.96585226061,2.7934451048373823e-16,
9283.4576957226,2.8773588520862055e-16,
9286.94953918459,2.9885025262870154e-16,
9290.44138264658,2.9635202797877103e-16,
9293.93322610857,2.3922166162502913e-16,
9297.42506957056,2.33830115467614e-16,
9300.91691303255,2.4067358071377537e-16,
9304.40875649454,2.502156028630582e-16,
9307.90059995653,2.9085397476137333e-16,
9311.39244341852,2.731728748627914e-16,
9314.88428688051,2.430017858652439e-16,
9318.3761303425,2.6360765417672636e-16,
9321.86797380449,2.016916874463222e-16,
9325.35981726648,2.327151422375542e-16,
9328.85166072847,2.1446449248481563e-16,
9332.34350419046,2.4614544536076113e-16,
9335.83534765245,2.2941651651633145e-16,
9339.32719111444,1.6622957928408274e-16,
9342.81903457643,1.8985775296755917e-16,
9346.31087803842,2.1008584599561833e-16,
9349.80272150041,1.7555920594104788e-16,
9353.2945649624,1.9172755503221e-16,
9356.78640842439,1.9661347619237957e-16,
9360.27825188639,1.9410958078901337e-16,
9363.77009534838,1.8256650440919603e-16,
9367.26193881036,2.1486866254786672e-16,
9370.75378227236,2.1674423847056116e-16,
9374.24562573434,2.2605757459947477e-16,
9377.73746919634,2.367754016974909e-16,
9381.22931265833,2.6887155682953497e-16,
9384.72115612032,3.1492353927136034e-16,
9388.21299958231,2.8710230739294477e-16,
9391.7048430443,2.4656899909010137e-16,
9395.19668650629,2.2094410156962312e-16,
9398.68852996828,2.793133728921461e-16,
9402.18037343027,2.988820088479413e-16,
9405.67221689226,3.007595437581862e-16,
9409.16406035425,2.984838188521496e-16,
9412.65590381624,2.76794939739063e-16,
9416.14774727823,2.1249663793803172e-16,
9419.63959074022,1.4679972213054943e-16,
9423.13143420221,1.6838580594953868e-16,
9426.6232776642,2.426781405009793e-16,
9430.11512112619,2.9854227916484095e-16,
9433.60696458818,2.4526183887087645e-16,
9437.09880805017,2.119513176667365e-16,
9440.59065151216,2.292744383666161e-16,
9444.08249497415,1.97328609752921e-16,
9447.57433843614,2.2507911187030264e-16,
9451.06618189813,2.552393748840184e-16,
9454.55802536012,1.8477345854174921e-16,
9458.04986882211,2.2607953588096195e-16,
9461.5417122841,2.9992439643402453e-16,
9465.03355574609,2.1752474035252463e-16,
9468.52539920809,1.8296809685704907e-16,
9472.01724267008,1.7403284532538251e-16,
9475.50908613207,2.1781477361460693e-16,
9479.00092959406,2.2813502934447893e-16,
9482.49277305605,1.6234872184192898e-16,
9485.98461651804,1.504392116855597e-16,
9489.47645998003,1.9099128502704478e-16,
9492.96830344202,1.8575377715386393e-16,
9496.46014690401,2.0652646872096284e-16,
9499.951990366,2.4914898569411344e-16,
9503.44383382799,2.4353267149143014e-16,
9506.93567728998,2.189144873626944e-16,
9510.42752075197,1.7594791031291076e-16,
9513.91936421396,1.3724017219792005e-16,
9517.41120767595,1.4742103049788256e-16,
9520.90305113794,1.763523896897856e-16,
9524.39489459993,1.9692268691153527e-16,
9527.88673806192,2.2426293579399844e-16,
9531.37858152391,2.064570793198319e-16,
9534.8704249859,1.9347311604431586e-16,
9538.36226844789,2.064951249201548e-16,
9541.85411190988,2.4162142137439494e-16,
9545.34595537187,2.4778779866033785e-16,
9548.83779883386,2.240015656129182e-16,
9552.32964229585,1.8759934963565333e-16,
9555.82148575784,1.5324829672837264e-16,
9559.31332921984,1.7447619513944366e-16,
9562.80517268183,2.0741956083477626e-16,
9566.29701614382,1.9627044716182578e-16,
9569.7888596058,1.8259537369941397e-16,
9573.2807030678,1.5847611276840889e-16,
9576.77254652979,1.648099319376158e-16,
9580.26438999178,1.9806673564102882e-16,
9583.75623345377,2.2742154545766423e-16,
9587.24807691576,2.704957637181176e-16,
9590.73992037775,2.7831882584413823e-16,
9594.23176383974,2.1385112317229244e-16,
9597.72360730173,2.020107962078383e-16,
9601.21545076372,1.6794585858753893e-16,
9604.70729422571,1.730743848901471e-16,
9608.1991376877,1.7044593912041208e-16,
9611.69098114969,1.0306682008239155e-16,
9615.18282461168,1.4881036508962067e-16,
9618.67466807367,2.442613117556092e-16,
9622.16651153566,1.8579666867075913e-16,
9625.65835499765,2.0605022853697487e-16,
9629.15019845964,2.1988851659372593e-16,
9632.64204192163,2.0874847612627253e-16,
9636.13388538362,2.544293850841895e-16,
9639.62572884561,1.9272705110139807e-16,
9643.1175723076,1.804268775856154e-16,
9646.60941576959,2.27366900015466e-16,
9650.10125923159,1.7640693202737595e-16,
9653.59310269357,1.86655117636311e-16,
9657.08494615556,2.241629243243149e-16,
9660.57678961755,1.90696612057606e-16,
9664.06863307954,1.9666781232075406e-16,
9667.56047654154,2.119570915247801e-16,
9671.05232000353,1.9904004313980492e-16,
9674.54416346552,2.259676673813675e-16,
9678.03600692751,2.447763192721756e-16,
9681.5278503895,2.0575101896478755e-16,
9685.01969385149,2.1004501657088154e-16,
9688.51153731348,2.4599336606407733e-16,
