wave,flux,flux_err
obswave,flux,
3776.7,4.1021762210366235e-16,
3802.3,5.167775623773353e-16,
3827.9,8.099233646576545e-16,
3853.4,4.810880358417615e-16,
3879.0,4.3793846575480874e-16,
3904.6,4.871069346161694e-16,
3930.1,3.608796067979522e-16,
3955.7,2.9424785416859103e-16,
3981.3,3.431620033634274e-16,
4006.8,4.3768414608828444e-16,
4032.4,6.109606122134934e-16,
4058.0,5.346647122562097e-16,
4083.6,4.839703253957033e-16,
4109.1,4.574363068550035e-16,
4134.7,6.487694693034362e-16,
4160.3,5.686587743482883e-16,
4185.8,6.071458172156291e-16,
4211.4,6.055351259943087e-16,
4237.0,5.654373919056474e-16,
4262.6,5.500934386920159e-16,
4288.1,5.000772376089076e-16,
4313.7,6.184206557648722e-16,
4339.3,5.786620145649099e-16,
4364.8,5.673871760156668e-16,
4390.4,6.229984097623093e-16,
4416.0,6.277457102040957e-16,
4441.6,6.74625302066738e-16,
4467.1,7.251501424828947e-16,
4492.7,1.189368307111879e-15,
4518.3,6.702170945136505e-16,
4543.8,6.398682809750865e-16,
4569.4,5.884957083371821e-16,
4595.0,6.144363143226584e-16,
4620.5,5.681501350152397e-16,
4646.1,5.120302619355488e-16,
4671.7,5.55349378466851e-16,
4697.3,5.180491607099567e-16,
4722.8,5.012640627193543e-16,
4748.4,4.810880358417615e-16,
4774.0,5.257635239278599e-16,
4799.5,4.69643650848169e-16,
4825.1,4.983817731654125e-16,
4850.7,4.714238885138389e-16,
4876.3,4.917694618357812e-16,
4901.8,5.194055322647529e-16,
4927.4,5.308499172583454e-16,
4953.0,5.502629851363654e-16,
4978.5,5.617073701299579e-16,
5004.1,5.672176295713173e-16,
5029.7,5.731517551235505e-16,
5055.3,5.63826700684327e-16,
5080.8,5.491609332480935e-16,
5106.4,5.732365283457253e-16,
5132.0,5.484827474706955e-16,
5157.5,5.452613650280546e-16,
5183.1,5.181339339321315e-16,
5208.7,5.673871760156668e-16,
5234.2,5.330540210348892e-16,
5259.8,5.221182753743452e-16,
5285.4,5.333931139235882e-16,
5311.0,5.365297231440544e-16,
5336.5,4.947365246118978e-16,
5362.1,5.045702183841699e-16,
5387.7,4.807489429530624e-16,
5413.2,4.575210800771783e-16,
5438.8,4.37853692532634e-16,
5464.4,4.2700272009426473e-16,
5490.0,4.2157723387508015e-16,
5515.5,4.4327917875181865e-16,
5541.1,4.325129795356241e-16,
5566.7,4.3836233186568253e-16,
5592.2,4.2276405898552675e-16,
5617.8,4.043682697736039e-16,
5643.4,4.034357643296816e-16,
5668.9,3.739346830128652e-16,
5694.5,3.7198489890284573e-16,
5720.1,3.7757993156637984e-16,
5745.7,3.85294294784283e-16,
5771.2,4.0114688733096307e-16,
5796.8,3.9970574255399217e-16,
5822.4,4.3564958875609027e-16,
5847.9,4.448050967509644e-16,
5873.5,4.516717277471198e-16,
5899.1,3.9784073166614744e-16,
5924.7,3.7274785790241854e-16,
5950.2,3.685091967936805e-16,
5975.8,3.479940770273887e-16,
6001.4,3.4621383936171875e-16,
6026.9,3.335826292576796e-16,
6052.5,3.2934396814894155e-16,
6078.1,3.4570520002867014e-16,
6103.7,3.37651743922068e-16,
6129.2,3.338369489242038e-16,
6154.8,4.176776656550412e-16,
6180.4,3.941954831126328e-16,
6205.9,3.135761488244363e-16,
6231.5,3.163736651562033e-16,
6257.1,3.0247085671954274e-16,
6282.6,3.1137204504789253e-16,
6308.2,3.2595303926195115e-16,
6333.8,3.184929957105723e-16,
6359.4,2.9882560816602803e-16,
6384.9,2.966215043894843e-16,
6410.5,2.9161988428117344e-16,
6436.1,2.9009396628202777e-16,
6461.6,3.0535314627348453e-16,
6487.2,3.1713662415577612e-16,
6512.8,3.071333839391545e-16,
6538.4,3.0730293038350404e-16,
6563.9,3.067095178282807e-16,
6589.5,3.233250693745336e-16,
6615.1,3.318023915920096e-16,
6640.6,3.331587631468058e-16,
6666.2,3.3044602003721343e-16,
6691.8,3.0984612704874677e-16,
6717.4,3.0637042493958165e-16,
6742.9,3.0196221738649413e-16,
6768.5,2.9899515461037757e-16,
6794.1,2.91789430725523e-16,
6819.6,2.883985018385326e-16,
6845.2,2.7525865240144485e-16,
6870.8,2.5415012007992963e-16,
6896.3,2.4660530330637607e-16,
6921.9,2.4075595097631766e-16,
6947.5,2.393995794215215e-16,
6973.1,2.269379157618318e-16,
6998.6,2.130351073251712e-16,
7024.2,2.0345573321942336e-16,
7049.8,1.9133316244843272e-16,
7075.3,1.8268629378660723e-16,
7100.9,1.8429698500792764e-16,
7126.5,1.8522949045184998e-16,
7152.1,1.7658262179002452e-16,
7177.6,1.6615551546252906e-16,
7203.2,1.56660914578956e-16,
7228.8,1.389433111444312e-16,
7254.3,1.2326026504210065e-16,
7279.9,1.189368307111879e-16,
7305.5,1.0698380638454678e-16,
7331.1,1.0054104149926503e-16,
7356.6,1.0486447583017778e-16,
7382.2,1.0901836371674101e-16,
7407.8,1.0927268338326529e-16,
7433.3,1.0579698127410013e-16,
7458.9,1.0528834194105159e-16,
7484.5,1.0266037205363403e-16,
7510.0,9.562419461312898e-17,
7535.6,8.909665650567246e-17,
7561.2,9.028348161611911e-17,
7586.8,8.680777950695396e-17,
7612.3,7.722840540120612e-17,
7637.9,7.950032775548968e-17,
7663.5,8.977484228307055e-17,
7689.0,9.002916194959482e-17,
7714.6,8.79946046174006e-17,
7740.2,8.731641884000252e-17,
7765.8,8.284887003139268e-17,
7791.3,8.689255272912873e-17,
7816.9,9.291145150353667e-17,
7842.5,1.1105292104893525e-16,
7868.0,1.0655994027367297e-16,
7893.6,1.0834017793934294e-16,
7919.2,1.1749568593421698e-16,
7944.7,1.3122894792652805e-16,
7970.3,1.3572192870179033e-16,
7995.9,1.429276525866449e-16,
8021.5,1.4606426180711102e-16,
8047.0,1.446231170301401e-16,
8072.6,1.492856442497519e-16,
8098.2,1.5759342002287834e-16,
8123.7,1.5437203758023744e-16,
8149.3,1.518288409149947e-16,
8174.9,1.5318521246979082e-16,
8200.5,1.5089633547107232e-16,
8226.0,1.5505022335763553e-16,
8251.6,1.6115389535421825e-16,
8277.2,1.6191685435379108e-16,
8302.7,1.6454482424120865e-16,
8328.3,1.664946083512281e-16,
8353.9,1.6615551546252906e-16,
8379.5,1.6352754557511151e-16,
8405.0,1.5835637902245117e-16,
8430.6,1.5454158402458698e-16,
8456.2,1.564065949124317e-16,
8481.7,1.4894655136105284e-16,
8507.3,1.3885853792225643e-16,
8532.9,1.3690875381223698e-16,
8558.4,1.359762483683146e-16,
8584.0,1.2970302992738238e-16,
8609.6,1.2512527592994536e-16,
8635.2,1.2529482237429487e-16,
8660.7,1.2071706837685785e-16,
8686.3,1.1647840726811987e-16,
8711.9,1.168175001568189e-16,
8737.4,1.1732613948986747e-16,
8763.0,1.2724460648431435e-16,
8788.6,1.453013028075382e-16,
8814.2,1.391128575887807e-16,
8839.7,1.170718198233432e-16,
8865.3,1.0172786660971168e-16,
8890.9,9.782829838967273e-17,
8916.4,1.0825540471716818e-16,
8942.0,1.2029320226598406e-16,
8967.6,1.2749892615083863e-16,
8993.2,1.286009780391105e-16,
9018.7,1.227516257090521e-16,
9044.3,1.2715983326213958e-16,
9069.9,1.43944931252742e-16,
9095.4,1.5208316058151894e-16,
9121.0,1.6929212468299518e-16,
9146.6,1.9302862689192792e-16,
9172.1,1.9497841100194738e-16,
9197.7,1.8132992223181105e-16,
9223.3,1.7183532134823798e-16,
