wave,flux,flux_err
obswave,flux,
3868.79876852,7.139559015266306e-18,
3871.83666897,2.2440998721286082e-17,
3874.87456942,3.7553443176605947e-17,
3877.91246986,3.5805995581211684e-17,
3880.95037031,2.4624143754016235e-17,
3883.98827076,3.323763409131659e-17,
3887.02617121,4.1856789376516433e-17,
3890.06407166,3.26222948617015e-17,
3893.1019721,3.381646587891279e-17,
3896.13987255,4.353537638299919e-17,
3899.177773,2.7704994197218007e-17,
3902.21567345,1.78102185327854e-17,
3905.25357389,4.0320455506176285e-17,
3908.29147434,6.630078778732907e-18,
3911.32937479,2.2445908342798965e-17,
3914.36727524,2.8391963545828803e-17,
3917.40517569,2.2568271217427825e-17,
3920.44307613,4.1330452772788794e-17,
3923.48097658,3.458601757912496e-17,
3926.51887703,2.8931770136784116e-17,
3929.55677748,3.679056352614206e-17,
3932.59467793,3.354694024662844e-17,
3935.63257837,3.135057700213282e-17,
3938.67047882,1.7800147514297425e-17,
3941.70837927,3.236158137059412e-17,
3944.74627972,4.765782191331948e-17,
3947.78418016,4.747226339767859e-17,
3950.82208061,4.779126290828511e-17,
3953.85998106,3.4021411105143026e-17,
3956.89788151,2.781086577907282e-17,
3959.93578196,3.9503318243608455e-17,
3962.9736824,2.8292512238260084e-17,
3966.01158285,3.141465385726254e-17,
3969.0494833,4.5835219342458724e-17,
3972.08738375,4.29872612017913e-17,
3975.12528419,3.777185839006384e-17,
3978.16318464,4.3716151164858287e-17,
3981.20108509,3.951049384428113e-17,
3984.23898554,4.393469226604728e-17,
3987.27688599,5.922287599398226e-17,
3990.31478643,5.677373018543855e-17,
3993.35268688,5.85599512020115e-17,
3996.39058733,6.636889304985398e-17,
3999.42848778,6.402347873173637e-17,
4002.46638823,4.5099909105105656e-17,
4005.50428867,3.6354740201075066e-17,
4008.54218912,5.693171928796861e-17,
4011.58008957,6.898635075487793e-17,
4014.61799002,6.041226327741176e-17,
4017.65589046,4.771560438189422e-17,
4020.69379091,5.888134257950891e-17,
4023.73169136,6.755060118168642e-17,
4026.76959181,5.4059087152005655e-17,
4029.80749226,6.799385188288828e-17,
4032.8453927,5.777781072868936e-17,
4035.88329315,3.402657250211811e-17,
4038.9211936,4.221116333956195e-17,
4041.95909405,4.7280788158676023e-17,
4044.9969945,5.988970330561711e-17,
4048.03489494,6.217758693062219e-17,
4051.07279539,5.059704865903414e-17,
4054.11069584,5.666735505265934e-17,
4057.14859629,5.229464471291294e-17,
4060.18649673,4.662692728334443e-17,
4063.22439718,5.337916751633644e-17,
4066.26229763,5.944997746088603e-17,
4069.30019808,6.263657359821151e-17,
4072.33809853,6.634849923741584e-17,
4075.37599897,6.736655331881873e-17,
4078.41389942,7.078541232002305e-17,
4081.45179987,7.224054860380393e-17,
4084.48970032,7.025076712604283e-17,
4087.52760077,5.0027406675808216e-17,
4090.56550121,5.759275576397287e-17,
4093.60340166,4.687165303260215e-17,
4096.64130211,5.094865309199547e-17,
4099.67920256,5.0930525258717116e-17,
4102.717103,4.9218326228030755e-17,
4105.75500345,6.368370774549841e-17,
4108.7929039,6.091279289626398e-17,
4111.83080435,6.053324138699854e-17,
4114.8687048,5.960721123702949e-17,
4117.90660524,5.363471961046873e-17,
4120.94450569,5.3553270248447255e-17,
4123.98240614,5.980359609754495e-17,
4127.02030659,4.3407852111395246e-17,
4130.05820704,5.59219737968183e-17,
4133.09610748,5.717342373167994e-17,
4136.13400793,4.607163650146386e-17,
4139.17190838,4.759827701650934e-17,
4142.20980883,6.518454127566846e-17,
4145.24770927,5.13711323175659e-17,
4148.28560972,4.535332110780926e-17,
4151.32351017,3.5400133536146403e-17,
4154.36141062,4.661924813174735e-17,
4157.39931107,6.381752640365734e-17,
4160.43721151,5.40441065120048e-17,
4163.47511196,4.533607448864861e-17,
4166.51301241,5.0876015871150964e-17,
4169.55091286,5.1256196819071913e-17,
4172.5888133,5.947414790525716e-17,
4175.62671375,4.977525355041562e-17,
4178.6646142,4.250851016041933e-17,
4181.70251465,5.540734475208293e-17,
4184.7404151,6.040810898228548e-17,
4187.77831554,6.010673375403292e-17,
4190.81621599,5.442567222496784e-17,
4193.85411644,5.5024394274077785e-17,
4196.89201689,5.667075402139903e-17,
4199.92991734,5.562764828150731e-17,
4202.96781778,5.278875405747907e-17,
4206.00571823,4.7640449406427727e-17,
4209.04361868,5.609003391783633e-17,
4212.08151913,4.3256409170882357e-17,
4215.11941957,5.483329669826851e-17,
4218.15732002,6.244132172727595e-17,
4221.19522047,5.1349227852354555e-17,
4224.23312092,5.775162608062064e-17,
4227.27102137,5.260936404066207e-17,
4230.30892181,5.615385899750386e-17,
4233.34682226,5.411926148747129e-17,
4236.38472271,5.74051830446344e-17,
4239.42262316,6.566001923603185e-17,
4242.46052361,4.92041009144165e-17,
4245.49842405,4.8160995174524785e-17,
4248.5363245,5.094852720426437e-17,
4251.57422495,5.514965256652194e-17,
4254.6121254,5.189457350347825e-17,
4257.65002584,5.287108463361824e-17,
4260.68792629,4.637200462786763e-17,
4263.72582674,4.3588626893254344e-17,
4266.76372719,4.4907552651985395e-17,
4269.80162764,4.8128012588976675e-17,
4272.83952808,5.069612230340956e-17,
4275.87742853,4.7640197630965526e-17,
4278.91532898,4.443836907817699e-17,
4281.95322943,4.993991470269396e-17,
4284.99112988,5.614051489800729e-17,
4288.02903032,5.808522856803471e-17,
4291.06693077,4.634317633744581e-17,
4294.10483122,4.1054129203025055e-17,
4297.14273167,5.626174478305626e-17,
4300.18063211,4.629961918248534e-17,
4303.21853256,5.0967032700736015e-17,
4306.25643301,4.884355845254709e-17,
4309.29433346,4.855691208883319e-17,
4312.33223391,4.159947485414875e-17,
4315.37013435,5.331269879431582e-17,
4318.4080348,4.842825482764935e-17,
4321.44593525,5.14404964574018e-17,
4324.4838357,5.555589227478052e-17,
4327.52173615,6.1990391874477e-17,
4330.55963659,4.5197975647632284e-17,
4333.59753704,5.2335684113251426e-17,
4336.63543749,5.387466162594466e-17,
4339.67333794,5.0748869262740316e-17,
4342.71123838,5.731504742916704e-17,
4345.74913883,6.024407726866263e-17,
4348.78703928,5.891671703194791e-17,
4351.82493973,6.02225504666446e-17,
4354.86284018,6.059404516111968e-17,
4357.90074062,4.735770556237791e-17,
4360.93864107,4.341313939610142e-17,
4363.97654152,3.9365471178054334e-17,
4367.01444197,5.256505155931499e-17,
4370.05234241,5.376299920845927e-17,
4373.09024286,5.130881789067157e-17,
4376.12814331,5.650508576727189e-17,
4379.16604376,5.915439306826405e-17,
4382.20394421,5.128150025302295e-17,
4385.24184465,5.4217202142266815e-17,
4388.2797451,4.26632261819408e-17,
4391.31764555,4.773196978693717e-17,
4394.355546,5.979390274225028e-17,
4397.39344645,6.003271176814632e-17,
4400.43134689,5.711110930478561e-17,
4403.46924734,6.019523282899597e-17,
4406.50714779,5.953142682290751e-17,
4409.54504824,6.170588560219179e-17,
4412.58294868,6.25332197709787e-17,
4415.62084913,5.5247719109048564e-17,
4418.65874958,5.250764675393355e-17,
4421.69665003,5.1360935411346825e-17,
4424.73455048,6.503788206893737e-17,
4427.77245092,6.953345883423702e-17,
4430.81035137,5.985395118998481e-17,
4433.84825182,5.219343097710882e-17,
4436.88615227,5.733506357841189e-17,
4439.92405272,5.993577821519959e-17,
4442.96195316,5.4312373266978156e-17,
4445.99985361,5.362238261282096e-17,
4449.03775406,4.789222486862703e-17,
4452.07565451,5.463451997086216e-17,
4455.11355495,5.909258219229412e-17,
4458.1514554,5.77983304288586e-17,
4461.18935585,5.941535833483363e-17,
4464.2272563,5.904764027229155e-17,
4467.26515675,5.926026465011885e-17,
4470.30305719,6.041238916514286e-17,
4473.34095764,5.414834155335531e-17,
4476.37885809,5.822483806182423e-17,
4479.41675854,6.902839725706522e-17,
4482.45465899,6.380846248701817e-17,
4485.49255943,4.72513304295987e-17,
4488.53045988,5.3786162550981617e-17,
4491.56836033,5.138497996798686e-17,
4494.60626078,5.65008055844145e-17,
4497.64416122,4.883159911809263e-17,
4500.68206167,4.6714796919651984e-17,
4503.71996212,5.576688011210353e-17,
4506.75786257,5.577015319311213e-17,
4509.79576302,4.706942265815971e-17,
4512.83366346,4.0270603964660825e-17,
4515.87156391,4.6398818714591864e-17,
4518.90946436,5.256870230351688e-17,
4521.94736481,4.623151391996042e-17,
4524.98526525,5.1369999327985995e-17,
4528.0231657,4.594348279120442e-17,
4531.06106615,6.404261366686353e-17,
4534.0989666,4.726618518186846e-17,
4537.13686705,6.121807064418064e-17,
4540.17476749,5.886182998118847e-17,
4543.21266794,5.3487808628275436e-17,
4546.25056839,5.862390216941013e-17,
4549.28846884,5.434346753655977e-17,
4552.32636929,6.012158850630267e-17,
4555.36426973,6.149540131579317e-17,
4558.40217018,5.81994087401421e-17,
4561.44007063,6.700475197963832e-17,
4564.47797108,6.776448443682471e-17,
4567.51587152,6.456001224168309e-17,
4570.55377197,7.541153466247305e-17,
4573.59167242,6.751283486235651e-17,
4576.62957287,6.268705457838248e-17,
4579.66747332,7.059141932639848e-17,
4582.70537376,6.723172755881099e-17,
4585.74327421,7.302910935141215e-17,
4588.78117466,7.158202988242165e-17,
4591.81907511,7.269827639408226e-17,
4594.85697556,7.078616764640965e-17,
4597.894876,7.122224274693885e-17,
4600.93277645,7.219913154027213e-17,
4603.9706769,7.429893889501433e-17,
4607.00857735,7.818333072582517e-17,
4610.04647779,8.149594048198141e-17,
4613.08437824,7.94700292253947e-17,
4616.12227869,7.517373273842582e-17,
4619.16017914,8.56511168223876e-17,
4622.19807959,8.496162971915481e-17,
4625.23598003,8.119242516230015e-17,
4628.27388048,8.346570581049766e-17,
4631.31178093,8.956181918899828e-17,
4634.34968138,9.269919322346379e-17,
4637.38758183,9.185083580358324e-17,
4640.42548227,9.570350392615697e-17,
4643.46338272,8.734141138786262e-17,
4646.50128317,8.726625641239613e-17,
4649.53918362,8.793547559092188e-17,
4652.57708406,9.062846593460563e-17,
4655.61498451,9.64194274529207e-17,
4658.65288496,9.285630111187616e-17,
4661.69078541,8.122855494112574e-17,
4664.72868586,9.56992237432996e-17,
4667.7665863,8.64503780271393e-17,
4670.80448675,8.793560147865298e-17,
4673.8423872,7.580090541476428e-17,
4676.88028765,8.876494985113749e-17,
4679.9181881,8.510438640622181e-17,
4682.95608854,8.166349705207504e-17,
4685.99398899,9.279235014447753e-17,
4689.03188944,8.738156957408341e-17,
4692.06978989,7.521804521977289e-17,
4695.10769033,8.645616886276988e-17,
4698.14559078,8.889889439702751e-17,
4701.18349123,7.635153835059416e-17,
4704.22139168,8.610015835922006e-17,
4707.25929213,8.023215354947201e-17,
4710.29719257,7.356450987177896e-17,
4713.33509302,7.643953387463281e-17,
4716.37299347,7.956092016724867e-17,
4719.41089392,7.922228217059061e-17,
4722.44879436,7.230563256078244e-17,
4725.48669481,7.229266612447919e-17,
4728.52459526,8.079348694244534e-17,
4731.56249571,7.780755584849272e-17,
4734.60039616,7.2757317739968e-17,
4737.6382966,7.168991566797405e-17,
4740.67619705,6.89242881034458e-17,
4743.7140975,6.180533690976052e-17,
4746.75199795,6.235798404928798e-17,
4749.7898984,6.877284516293293e-17,
4752.82779884,7.434702800829438e-17,
4755.86569929,6.876138937940286e-17,
4758.90359974,6.505676522860232e-17,
4761.94150019,5.93543027852503e-17,
4764.97940063,5.652900443618082e-17,
4768.01730108,7.076489261985382e-17,
4771.05520153,7.354940334404702e-17,
4774.09310198,5.850833723226064e-17,
4777.13100243,7.117881147970948e-17,
4780.16890287,6.732551391848024e-17,
4783.20680332,6.013707269722793e-17,
4786.24470377,6.815964602474652e-17,
4789.28260422,6.982010519795092e-17,
4792.32050467,6.376817841306628e-17,
4795.35840511,5.948572957651834e-17,
4798.39630556,6.186160872556205e-17,
4801.43420601,6.261995641770636e-17,
4804.47210646,6.649226302633164e-17,
4807.5100069,6.790409393061423e-17,
4810.54790735,6.343180639556801e-17,
4813.5858078,6.749986842605325e-17,
4816.62370825,5.831988329880446e-17,
4819.6616087,6.705284109291839e-17,
4822.69950914,6.888740299823361e-17,
4825.73740959,6.22801854314684e-17,
4828.77531004,6.48433855243884e-17,
4831.81321049,6.720340281931358e-17,
4834.85111094,6.744284128386511e-17,
4837.88901138,6.351036033977419e-17,
4840.92691183,6.514539019129646e-17,
4843.96481228,7.179641668848436e-17,
4847.00271273,7.200073247605908e-17,
4850.04061317,6.76229866270687e-17,
4853.07851362,6.06895939490243e-17,
4856.11641407,6.52416943055877e-17,
4859.15431452,6.257715458913248e-17,
4862.19221497,5.663903031316191e-17,
4865.23011541,6.137077246200451e-17,
4868.26801586,6.453357581815216e-17,
4871.30591631,6.456190055764958e-17,
4874.34381676,6.626994529320965e-17,
4877.38171721,6.137882927679489e-17,
4880.41961765,6.069437768280608e-17,
4883.4575181,6.351262631893399e-17,
4886.49541855,6.095370640887137e-17,
4889.533319,6.648785695574316e-17,
4892.57121944,6.635567483808852e-17,
4895.60911989,7.100571584944745e-17,
4898.64702034,7.159436688006942e-17,
4901.68492079,6.856299031518981e-17,
4904.72282124,7.241125236717506e-17,
4907.76072168,7.389697936961313e-17,
4910.79862213,6.801059495112453e-17,
4913.83652258,7.416071416626692e-17,
4916.87442303,6.616495492547255e-17,
4919.91232347,7.807909568447466e-17,
4922.95022392,8.258184805044699e-17,
4925.98812437,7.584660266115345e-17,
4929.02602482,8.576794063684809e-17,
4932.06392527,9.050270409123708e-17,
4935.10182571,8.525847298908779e-17,
4938.13972616,8.147479134315665e-17,
4941.17762661,7.175613261453246e-17,
4944.21552706,6.868988514813826e-17,
4947.25342751,7.235221102128932e-17,
4950.29132795,6.536871502626724e-17,
4953.3292284,6.149086935747359e-17,
4956.36712885,6.666636575844246e-17,
4959.4050293,6.294852339587644e-17,
4962.44292974,6.793682474070014e-17,
4965.48083019,6.631186590766584e-17,
4968.51873064,6.037361574396418e-17,
4971.55663109,6.713945185191494e-17,
4974.59453154,6.449354351966247e-17,
4977.63243198,6.613663018597512e-17,
4980.67033243,6.204666369027855e-17,
4983.70823288,7.080026707229281e-17,
4986.74613333,7.533587613608216e-17,
4989.78403378,7.387406780255301e-17,
4992.82193422,8.071203758042388e-17,
4995.85983467,7.842314685357e-17,
4998.89773512,7.742913732880717e-17,
5001.93563557,9.182439938005231e-17,
5004.97353601,8.095890342111031e-17,
5008.01143646,8.534722383951305e-17,
5011.04933691,9.363944868704709e-17,
5014.08723736,8.474925711678971e-17,
5017.12513781,9.033753938803433e-17,
5020.16303825,8.997208730465205e-17,
5023.2009387,9.197961895249818e-17,
5026.23883915,1.0195836173357426e-16,
5029.2767396,9.978956790218947e-17,
5032.31464005,9.215170748091141e-17,
5035.35254049,9.353584308435208e-17,
5038.39044094,8.90848305758617e-17,
5041.42834139,9.43218860773383e-17,
5044.46624184,8.732315766685318e-17,
5047.50414228,8.881744503500605e-17,
5050.54204273,8.943366547873884e-17,
5053.57994318,8.841158298994077e-17,
5056.61784363,8.586399297567711e-17,
5059.65574408,8.682967776094255e-17,
5062.69364452,9.0457132732579e-17,
5065.73154497,9.319116247660123e-17,
5068.76944542,1.0517214962081727e-16,
5071.80734587,1.0785733492517284e-16,
5074.84524632,1.1265604934696044e-16,
5077.88314676,1.151952048832404e-16,
5080.92104721,1.1283934188344155e-16,
5083.95894766,1.0693558495806118e-16,
5086.99684811,9.976250204000305e-17,
5090.03474855,9.003616415978175e-17,
5093.072649,8.20061634561283e-17,
5096.11054945,7.936025512387583e-17,
5099.1484499,7.417733134677206e-17,
5102.18635035,7.811018995405628e-17,
5105.22425079,8.245847807396934e-17,
5108.26215124,8.297650608744441e-17,
5111.30005169,7.74519230081362e-17,
5114.33795214,7.391825439616898e-17,
5117.37585258,7.274208532450493e-17,
5120.41375303,6.894745144596814e-17,
5123.45165348,7.195704943336751e-17,
5126.48955393,6.536128765013238e-17,
5129.52745438,6.806699265465718e-17,
5132.56535482,6.498098081448032e-17,
5135.60325527,6.176177975480003e-17,
5138.64115572,6.729278310839433e-17,
5141.67905617,7.240697218431767e-17,
5144.71695662,7.000427894854972e-17,
5147.75485706,6.755865799647679e-17,
5150.79275751,6.69046712334141e-17,
5153.83065796,7.245896381726182e-17,
5156.86855841,6.77338937181675e-17,
5159.90645885,7.12777592363538e-17,
5162.9443593,7.313032308721627e-17,
5165.98225975,6.420437940132658e-17,
5169.0201602,6.626591688581447e-17,
5172.05806065,7.18845381002541e-17,
5175.09596109,6.832279652425167e-17,
5178.13386154,7.337139809227209e-17,
5181.17176199,7.165794018427474e-17,
5184.20966244,7.268241453996371e-17,
5187.24756289,7.04445083442052e-17,
5190.28546333,7.315877371444478e-17,
5193.32336378,7.152714283166219e-17,
5196.36126423,7.375447445800833e-17,
5199.39916468,8.23682165707709e-17,
5202.43706512,7.427791564392068e-17,
5205.47496557,6.841658288392091e-17,
5208.51286602,7.502631820530812e-17,
5211.55076647,8.118336124566098e-17,
5214.58866692,8.372994415807583e-17,
5217.62656736,8.191867148301404e-17,
5220.66446781,8.258726122288428e-17,
5223.70236826,8.79313212957956e-17,
5226.74026871,8.093788017001666e-17,
5229.77816916,7.507365199220158e-17,
5232.8160696,9.168881829365799e-17,
5235.85397005,8.660232451857657e-17,
5238.8918705,9.471667000206681e-17,
5241.92977095,9.1287110543719e-17,
5244.96767139,8.985601881657816e-17,
5248.00557184,8.873158960239608e-17,
5251.04347229,8.866310667667787e-17,
5254.08137274,8.895277434593817e-17,
5257.11927319,9.208851183989939e-17,
5260.15717363,8.707465528566246e-17,
5263.19507408,9.011660641995444e-17,
5266.23297453,8.830281599027068e-17,
5269.27087498,8.477884073359812e-17,
5272.30877542,7.640667717681579e-17,
5275.34667587,7.963406093901755e-17,
5278.38457632,8.741719580198462e-17,
5281.42247677,7.69839983116388e-17,
5284.46037722,8.195983677108362e-17,
5287.49827766,7.901972881125125e-17,
5290.53617811,8.388453429186619e-17,
5293.57407856,8.445203618366342e-17,
5296.61197901,8.09567633296816e-17,
5299.64987946,7.664221312170323e-17,
5302.6877799,7.544262893205467e-17,
5305.72568035,8.251953362355267e-17,
5308.7635808,8.598383809568399e-17,
5311.80148125,7.212334712615015e-17,
5314.83938169,7.704001835197815e-17,
5317.87728214,7.040800090218629e-17,
5320.91518259,7.914246934907342e-17,
5323.95308304,8.183835511057247e-17,
5326.99098349,7.747584167704514e-17,
5330.02888393,8.014138849534916e-17,
5333.06678438,7.670616408910186e-17,
5336.10468483,7.952567160254077e-17,
5339.14258528,7.616484684537336e-17,
5342.18048573,7.992221795550466e-17,
5345.21838617,8.438317559475192e-17,
5348.25628662,8.227191245647966e-17,
5351.29418707,8.196222863797451e-17,
5354.33208752,8.195908144469703e-17,
5357.36998796,7.98030022741533e-17,
5360.40788841,8.319353653586021e-17,
5363.44578886,8.452857592417201e-17,
5366.48368931,7.618284879092061e-17,
5369.52158976,9.094016395680837e-17,
5372.5594902,8.702127888767621e-17,
5375.59739065,8.186919760469188e-17,
5378.6352911,8.394936647338252e-17,
5381.67319155,8.205802920134136e-17,
5384.711092,8.014780876963523e-17,
5387.74899244,8.164813874888089e-17,
5390.78689289,8.365453740714714e-17,
5393.82479334,8.34167354830999e-17,
5396.86269379,8.005427418542819e-17,
5399.90059423,8.32727199187219e-17,
5402.93849468,7.899278883679594e-17,
5405.97639513,7.758989596142142e-17,
5409.01429558,8.473666834367974e-17,
5412.05219603,8.593272767685754e-17,
5415.09009647,8.687487145640731e-17,
5418.12799692,7.998465827013009e-17,
5421.16589737,8.262376866490318e-17,
5424.20379782,8.665192428462983e-17,
5427.24169827,8.89014121516495e-17,
5430.27959871,8.71315565401195e-17,
5433.31749916,8.337833972511449e-17,
5436.35539961,8.382838836379574e-17,
5439.39330006,8.522825993362387e-17,
5442.4312005,8.056940678108796e-17,
5445.46910095,7.937586520253219e-17,
5448.5070014,8.405120964784212e-17,
5451.54490185,8.422845957323044e-17,
5454.5828023,8.129351301037317e-17,
5457.62070274,7.908632342100297e-17,
5460.65860319,8.025959707485173e-17,
5463.69650364,8.260224186288515e-17,
5466.73440409,8.23275548336257e-17,
5469.77230453,7.874554533291622e-17,
5472.81020498,7.511280307657358e-17,
5475.84810543,8.0090655739716e-17,
5478.88600588,7.778036409857519e-17,
5481.92390633,7.623106379193178e-17,
5484.96180677,8.134009147088003e-17,
5487.99970722,7.301526170099118e-17,
5491.03760767,6.853579856527229e-17,
5494.07550812,8.179442029241868e-17,
5497.11340857,7.362833495144648e-17,
5500.15130901,7.430372262879611e-17,
5503.18920946,7.981697581230536e-17,
5506.22710991,7.514628921304608e-17,
5509.26501036,7.706016038895409e-17,
5512.3029108,7.546126031625741e-17,
5515.34081125,7.976020044557941e-17,
5518.3787117,7.663050556271097e-17,
5521.41661215,7.60078648446921e-17,
5524.4545126,8.216037592672536e-17,
5527.49241304,8.511609396521408e-17,
5530.53031349,8.09519795958998e-17,
5533.56821394,7.4965514431187e-17,
5536.60611439,7.748301727771781e-17,
5539.64401484,8.386628057085675e-17,
5542.68191528,8.818888759362549e-17,
5545.71981573,8.129288357171768e-17,
5548.75771618,7.664561209044294e-17,
5551.79561663,8.067124995554759e-17,
5554.83351707,8.501034827109037e-17,
5557.87141752,8.745005249980163e-17,
5560.90931797,9.038852391912969e-17,
5563.94721842,8.385658721556207e-17,
5566.98511887,9.857752082716202e-17,
5570.02301931,9.390016217815447e-17,
5573.06091976,8.40289275194375e-17,
5576.09882021,9.382274122352818e-17,
5579.13672066,9.789281745771103e-17,
5582.17462111,9.078217485427829e-17,
5585.21252155,9.835281122714914e-17,
5588.250422,8.97001698054768e-17,
5591.28832245,9.127968316758413e-17,
5594.3262229,8.983272958632473e-17,
5597.36412334,8.776074342015557e-17,
5600.40202379,8.882159933013233e-17,
5603.43992424,8.89056923345069e-17,
5606.47782469,8.493519329562388e-17,
5609.51572514,9.597026002835713e-17,
5612.55362558,9.248329576462789e-17,
5615.59152603,8.23684683462331e-17,
5618.62942648,7.956306025867736e-17,
5621.66732693,8.33024294232614e-17,
5624.70522738,8.4499495858288e-17,
5627.74312782,7.69439660131491e-17,
5630.78102827,7.844580664516795e-17,
5633.81892872,8.298632533047019e-17,
5636.85682917,8.335555404578547e-17,
5639.89472961,8.471665219443489e-17,
5642.93263006,8.657953883924752e-17,
5645.97053051,9.354818008199984e-17,
5649.00843096,9.339056864266307e-17,
5652.04633141,8.764933277813236e-17,
5655.08423185,8.810051440639352e-17,
5658.1221323,8.86845075909648e-17,
5661.16003275,9.205578102981347e-17,
5664.1979332,9.134980263380664e-17,
5667.23583364,9.176296616727568e-17,
5670.27373409,9.279411257271293e-17,
5673.31163454,8.913153492409966e-17,
5676.34953499,9.534610865756506e-17,
5679.38743544,8.957264553387285e-17,
5682.42533588,9.379680835092165e-17,
5685.46323633,8.868853599836e-17,
5688.50113678,8.428976689827597e-17,
5691.53903723,8.076176323420824e-17,
5694.57693768,6.926720628296126e-17,
5697.61483812,7.224331813388812e-17,
5700.65273857,7.043884339630571e-17,
5703.69063902,7.0805554356999e-17,
5706.72853947,6.820131486374051e-17,
5709.76643991,7.171295312276528e-17,
5712.80434036,6.985661263996983e-17,
5715.84224081,6.257778402778798e-17,
5718.88014126,6.189799027984986e-17,
5721.91804171,6.5854767556043e-17,
5724.95594215,5.783055768802011e-17,
5727.9938426,6.297735168629827e-17,
5731.03174305,6.309367194983435e-17,
5734.0696435,6.153581127747616e-17,
5737.10754395,5.928519042087658e-17,
5740.14544439,6.045418389186796e-17,
5743.18334484,6.396242318215305e-17,
5746.22124529,5.880341807395822e-17,
5749.25914574,5.652006640727274e-17,
5752.29704618,5.3644664741225606e-17,
5755.33494663,5.737824307017906e-17,
5758.37284708,5.684422731485435e-17,
5761.41074753,5.0515221633819364e-17,
5764.44864798,5.0462222899026416e-17,
5767.48654842,5.117248147789065e-17,
5770.52444887,4.839136972243715e-17,
5773.56234932,4.33148210781126e-17,
5776.60024977,4.0060371453724406e-17,
5779.63815022,4.263200602462808e-17,
5782.67605066,3.891353422340658e-17,
5785.71395111,3.3430368207630163e-17,
5788.75185156,3.42477572456602e-17,
5791.78975201,3.4522318387188534e-17,
5794.82765245,3.615269039266012e-17,
5797.8655529,3.245864081127195e-17,
5800.90345335,2.4603749941578094e-17,
5803.9413538,2.4268510913659722e-17,
5806.97925425,3.158661649794466e-17,
5810.01715469,2.9618110046739413e-17,
5813.05505514,3.2388647232780546e-17,
5816.09295559,3.1401939196421475e-17,
5819.13085604,3.0050156739873414e-17,
5822.16875648,2.6329418959492115e-17,
5825.20665693,2.6631675401862377e-17,
5828.24455738,2.7399464673839154e-17,
5831.28245783,2.3203752484018867e-17,
5834.32035828,2.858104691794048e-17,
5837.35825872,3.309827637298928e-17,
5840.39615917,3.178715565358641e-17,
5843.43405962,2.8313283713891524e-17,
5846.47196007,2.9255427493441315e-17,
5849.50986052,3.082260385790088e-17,
5852.54776096,2.69845387121347e-17,
5855.58566141,2.392571862187537e-17,
5858.62356186,3.304376698542313e-17,
5861.66146231,3.5403154841692803e-17,
5864.69936275,3.4414558489367235e-17,
5867.7372632,3.179470891745239e-17,
5870.77516365,2.89357985441793e-17,
5873.8130641,3.070225518696961e-17,
5876.85096455,3.2471355472113016e-17,
5879.88886499,3.7087406796075034e-17,
5882.92676544,2.83949848513752e-17,
5885.96466589,3.180415049728486e-17,
5889.00256634,3.6780366619922984e-17,
5892.04046679,3.949375077604487e-17,
5895.07836723,4.0847799211752726e-17,
5898.11626768,3.280797926507348e-17,
5901.15416813,3.6672480834370584e-17,
5904.19206858,3.731425648751661e-17,
5907.22996902,4.323752601121741e-17,
5910.26786947,4.7006101129416575e-17,
5913.30576992,4.2652148061604033e-17,
5916.34367037,3.931108767821928e-17,
5919.38157082,4.665122361544666e-17,
5922.41947126,4.755484574927996e-17,
5925.45737171,4.602568747961249e-17,
5928.49527216,4.723483913682465e-17,
5931.53317261,4.872207679203593e-17,
5934.57107306,5.134822075050576e-17,
5937.6089735,5.36806686323201e-17,
5940.64687395,5.1878459873897495e-17,
5943.6847744,5.1306174248318473e-17,
5946.72267485,4.903616668112956e-17,
5949.76057529,5.04311286294448e-17,
5952.79847574,5.1501803782447335e-17,
5955.83637619,5.565408470503823e-17,
5958.87427664,6.202299679683181e-17,
5961.91217709,5.91739056665845e-17,
5964.95007753,6.376868196399069e-17,
5967.98797798,6.942406239591143e-17,
5971.02587843,7.23970270535608e-17,
5974.06377888,7.332104299983224e-17,
5977.10167933,7.067513466757977e-17,
5980.13957977,6.733785091612799e-17,
5983.17748022,7.66237076252316e-17,
5986.21538067,7.335906109462434e-17,
5989.25328112,7.620110251193006e-17,
5992.29118156,8.310478568543495e-17,
5995.32908201,8.29099114776927e-17,
5998.36698246,7.5717190073583e-17,
6001.40488291,7.203572926530479e-17,
6004.44278336,7.897579399309749e-17,
6007.4806838,7.666046684271269e-17,
6010.51858425,8.00155007642495e-17,
6013.5564847,8.04806559306627e-17,
6016.59438515,7.808224287775216e-17,
6019.63228559,7.378796059448085e-17,
6022.67018604,6.985371722215454e-17,
6025.70808649,6.586081016713579e-17,
6028.74598694,6.638941275002323e-17,
6031.78388739,6.026950659034476e-17,
6034.82178783,6.840852606913053e-17,
6037.85968828,6.515029981280935e-17,
6040.89758873,5.611470791313187e-17,
6043.93548918,6.063785409154235e-17,
6046.97338963,5.597761617396434e-17,
6050.01129007,5.626250010944286e-17,
6053.04919052,5.7982000628533e-17,
6056.08709097,5.763794945943765e-17,
6059.12499142,5.560272251074958e-17,
6062.16289186,5.229879900803923e-17,
6065.20079231,5.629938521465505e-17,
6068.23869276,5.911851506490065e-17,
6071.27659321,5.486942647709411e-17,
6074.31449366,4.8205685319065164e-17,
6077.3523941,5.454287370262162e-17,
6080.39029455,5.699428549032513e-17,
6083.428195,4.7177182555981e-17,
6086.46609545,4.570467376530838e-17,
6089.5039959,5.136219428865782e-17,
6092.54189634,5.225385708803665e-17,
6095.57979679,4.812335474292599e-17,
6098.61769724,5.0294918104394973e-17,
6101.65559769,4.7737886510298854e-17,
6104.69349813,4.646478388568807e-17,
6107.73139858,5.0050192355137254e-17,
6110.76929903,4.264207704311606e-17,
6113.80719948,4.2189258874350615e-17,
6116.84509993,4.506390521401116e-17,
6119.88300037,4.501745264123539e-17,
6122.92090082,4.800149541922152e-17,
6125.95880127,4.9803955953106337e-17,
6128.99670172,4.5151397187125413e-17,
6132.03460217,4.7863774241398506e-17,
6135.07250261,4.556833735252746e-17,
6138.11040306,4.6914328973444936e-17,
6141.14830351,4.720978747833582e-17,
6144.18620396,4.68897808658805e-17,
6147.2241044,4.5724564026822124e-17,
6150.26200485,4.6844083619491325e-17,
6153.2999053,4.6470322945856465e-17,
6156.33780575,4.569057433942522e-17,
6159.3757062,4.469089986676289e-17,
6162.41360664,4.539574527318983e-17,
6165.45150709,4.665336370687536e-17,
6168.48940754,4.5517226933701006e-17,
6171.52730799,4.679737927125336e-17,
6174.56520844,5.2251465221145765e-17,
6177.60310888,4.265391048983943e-17,
6180.64100933,4.5605726008664057e-17,
6183.67890978,4.7501972902218104e-17,
6186.71681023,4.498900201400687e-17,
6189.75471067,4.700131739563479e-17,
6192.79261112,4.9790108302685375e-17,
6195.83051157,5.362565569382956e-17,
6198.86841202,4.42885626781684e-17,
6201.90631247,4.560698488597505e-17,
6204.94421291,5.097798493334168e-17,
6207.98211336,4.560799198782385e-17,
6211.02001381,4.483252356424999e-17,
6214.05791426,4.980861379915702e-17,
6217.0958147,5.487269955810271e-17,
6220.13371515,5.44766567560632e-17,
6223.1716156,5.685832674073751e-17,
6226.20951605,5.976658510460166e-17,
6229.2474165,5.803550291425035e-17,
6232.28531694,5.928858938961628e-17,
6235.32321739,6.120447476922188e-17,
6238.36111784,6.481606788673978e-17,
6241.39901829,6.992144482148615e-17,
6244.43691874,7.067135803564677e-17,
6247.47481918,7.231054218229533e-17,
6250.51271963,8.079537525841185e-17,
6253.55062008,8.541281134741597e-17,
6256.58852053,8.418716839742976e-17,
6259.62642097,9.021643539071646e-17,
6262.66432142,9.4790188437029e-17,
6265.70222187,9.756450225500312e-17,
6268.74012232,9.837232382546958e-17,
6271.77802277,9.633369790804183e-17,
6274.81592321,9.30588544712155e-17,
6277.85382366,9.42491229687627e-17,
6280.89172411,9.937073942082093e-17,
6283.92962456,9.929520678216114e-17,
6286.96752501,9.36757043536038e-17,
6290.00542545,9.337206314619144e-17,
6293.0433259,9.60884686078597e-17,
6296.08122635,9.88787701676835e-17,
6299.1191268,1.1141341155327577e-16,
6302.15702724,1.2021208274302374e-16,
6305.19492769,1.238088211082719e-16,
6308.23282814,1.3558360414894667e-16,
6311.27072859,1.3919909978612868e-16,
6314.30862904,1.4253512466026942e-16,
6317.34652948,1.5387886810965905e-16,
6320.38442993,1.5712928932665203e-16,
6323.42233038,1.6446350854051774e-16,
6326.46023083,1.7605399194286264e-16,
6329.49813128,1.7687855658156538e-16,
6332.53603172,1.6928249088701242e-16,
6335.57393217,1.7171967736110165e-16,
6338.61183262,1.792893066321237e-16,
6341.64973307,1.7161896717622196e-16,
6344.68763351,1.73028909764538e-16,
6347.72553396,1.7678036415130764e-16,
6350.76343441,1.7439353276965824e-16,
6353.80133486,1.7927545898170273e-16,
6356.83923531,1.65100500459882e-16,
6359.87713575,1.83519134397072e-16,
6362.9150362,1.878106471502591e-16,
6365.95293665,1.9183653679082596e-16,
6368.9908371,2.0853176768926174e-16,
6372.02873755,2.1203396436845405e-16,
6375.06663799,2.1882308970665826e-16,
6378.10453844,2.265500786415549e-16,
6381.14243889,2.349581202017006e-16,
6384.18033934,2.362220330219411e-16,
6387.21823978,2.3719010967409745e-16,
6390.25614023,2.4166541851469e-16,
6393.29404068,2.426914035231522e-16,
6396.33194113,2.396197428843207e-16,
6399.36984158,2.358191922824222e-16,
6402.40774202,2.3601431826562666e-16,
6405.44564247,2.3517842373112497e-16,
6408.48354292,2.30854180167852e-16,
6411.52144337,2.3059862807371964e-16,
6414.55934381,2.3413355556299787e-16,
6417.59724426,2.141161474408423e-16,
6420.63514471,2.0741514351440784e-16,
6423.67304516,2.0917631287249196e-16,
6426.71094561,2.008878646568909e-16,
6429.74884605,1.953324390834633e-16,
6432.7867465,1.9737056144996666e-16,
6435.82464695,1.8332652616848954e-16,
6438.8625474,1.7552148684031114e-16,
6441.90044785,1.797701977649244e-16,
6444.93834829,1.727091549275449e-16,
6447.97624874,1.6377238489678067e-16,
6451.01414919,1.7091651363668586e-16,
6454.05204964,1.7056906349885085e-16,
6457.08995008,1.6063652151508832e-16,
6460.12785053,1.6456295984808646e-16,
6463.16575098,1.637119587858528e-16,
6466.20365143,1.6167257754203847e-16,
6469.24155188,1.6641980388180634e-16,
6472.27945232,1.6191931749499377e-16,
6475.31735277,1.5888164654355918e-16,
6478.35525322,1.5586537650641155e-16,
6481.39315367,1.498114355178293e-16,
6484.43105412,1.5061459924224507e-16,
6487.46895456,1.4691098219329332e-16,
6490.50685501,1.363074586027697e-16,
6493.54475546,1.3920791192730565e-16,
6496.58265591,1.2813608597709131e-16,
6499.62055635,1.2533420274600636e-16,
6502.6584568,1.203727154879069e-16,
6505.69635725,1.2011300909864831e-16,
6508.7342577,1.2736565306276142e-16,
6511.77215815,1.1519218357769402e-16,
6514.81005859,1.1450219292353684e-16,
6517.84795904,1.1070214587256277e-16,
6520.88585949,1.0751567562296837e-16,
6523.92375994,1.1197197541616494e-16,
6526.96166039,1.1460302899614765e-16,
6529.99956083,1.0855714482235579e-16,
6533.03746128,1.0907101854070458e-16,
6536.07536173,1.003876605126439e-16,
6539.11326218,1.0138569844480194e-16,
6542.15116262,1.0417511879050802e-16,
6545.18906307,1.0301430802203814e-16,
6548.22696352,1.0137021425387669e-16,
6551.26486397,9.93765302564515e-17,
6554.30276442,9.636504395308564e-17,
6557.34066486,9.64924423369585e-17,
6560.37856531,9.635887545426178e-17,
6563.41646576,9.368275406654538e-17,
6566.45436621,9.476198958526269e-17,
6569.49226665,9.919286005677712e-17,
6572.5301671,9.282847992330315e-17,
6575.56806755,9.374267662654881e-17,
6578.605968,9.208763062578169e-17,
6581.64386845,9.079413418873277e-17,
6584.68176889,9.255744363824559e-17,
6587.71966934,8.974385284816837e-17,
6590.75756979,9.045323021291492e-17,
6593.79547024,9.194978356022756e-17,
6596.83337069,9.317882547895347e-17,
6599.87127113,9.350651124300586e-17,
6602.90917158,9.092266556218552e-17,
6605.94707203,8.983751332010653e-17,
6608.98497248,9.047903719779034e-17,
6612.02287292,8.662762795252759e-17,
6615.06077337,7.867039035744972e-17,
6618.09867382,7.92576566230296e-17,
6621.13657427,7.822499956481915e-17,
6624.17447472,7.638666102757095e-17,
6627.21237516,8.265851367868668e-17,
6630.25027561,7.830544182499184e-17,
6633.28817606,7.839180080852621e-17,
6636.32607651,8.34536205883121e-17,
6639.36397696,7.939965798371001e-17,
6642.4018774,7.889333752922721e-17,
6645.43977785,9.825600356193351e-17,
6648.4776783,1.1017442450379302e-16,
6651.51557875,1.1630477934515275e-16,
6654.55347919,1.181958648417317e-16,
6657.59137964,1.2151716085133383e-16,
6660.62928009,1.2964296211835413e-16,
6663.66718054,1.2071160526002714e-16,
6666.70508099,9.265551018077222e-17,
6669.74298143,7.722985705047643e-17,
6672.78088188,6.858565010678775e-17,
6675.81878233,6.442883722587725e-17,
6678.85668278,6.507136820540988e-17,
6681.89458323,6.828855506139257e-17,
6684.93248367,6.841079204829032e-17,
6687.97038412,6.071879990263943e-17,
6691.00828457,6.331296837740995e-17,
6694.04618502,6.070419692583187e-17,
6697.08408546,5.838610024536288e-17,
6700.12198591,6.008898358394787e-17,
6703.15988636,5.987585565519615e-17,
6706.19778681,5.846314353679586e-17,
6709.23568726,6.475979607093823e-17,
6712.2735877,6.430899210587039e-17,
6715.31148815,5.746082542178043e-17,
6718.3493886,5.426453592916029e-17,
6721.38728905,5.404889024578658e-17,
6724.4251895,5.477312236280288e-17,
6727.46308994,5.48030836428046e-17,
6730.50099039,5.444782846564138e-17,
6733.53889084,5.415501360310359e-17,
6736.57679129,5.0685547733997195e-17,
6739.61469173,5.129245248562862e-17,
6742.65259218,5.4472124797743614e-17,
6745.69049263,4.4385748006577335e-17,
6748.72839308,4.148390991699927e-17,
6751.76629353,5.2034182997267756e-17,
6754.80419397,5.4151992297557197e-17,
6757.84209442,5.248284687090692e-17,
6760.87999487,6.988972111324903e-17,
6763.91789532,8.938268094764348e-17,
6766.95579576,6.56041250834236e-17,
6769.99369621,4.878892317724984e-17,
6773.03159666,4.6263489403659735e-17,
6776.06949711,4.271106351975867e-17,
6779.10739756,4.6958515567060914e-17,
6782.145298,5.845848569074518e-17,
6785.18319845,4.781744755635383e-17,
6788.2210989,4.10760336682364e-17,
6791.25899935,4.6209483567017985e-17,
6794.2968998,5.0763975790472274e-17,
6797.33480024,4.878690897355225e-17,
6800.37270069,4.329228717424576e-17,
6803.41060114,4.482459263719071e-17,
6806.44850159,5.1183433710496316e-17,
6809.48640203,5.4030132973852735e-17,
6812.52430248,5.076208747450578e-17,
6815.56220293,4.8533119307655353e-17,
6818.60010338,5.102808825031935e-17,
6821.63800383,4.9438377981992945e-17,
6824.67590427,4.138105964069085e-17,
6827.71380472,4.664857997309357e-17,
6830.75170517,5.0056612629423337e-17,
6833.78960562,4.0422676343829203e-17,
6836.82750607,3.7651006168208174e-17,
6839.86540651,4.7878503105937163e-17,
6842.90330696,3.733238432079496e-17,
6845.94120741,3.1694628171228163e-17,
6848.97910786,3.426865460902274e-17,
6852.0170083,3.5819969119363746e-17,
6855.05490875,3.548145701043678e-17,
6858.0928092,4.1497883455151325e-17,
6861.13070965,4.177118571936867e-17,
6864.1686101,3.809778172588084e-17,
6867.20651054,3.404721809001845e-17,
6870.24441099,3.6754056084123157e-17,
6873.28231144,4.034500361374072e-17,
6876.32021189,3.5492031579849155e-17,
6879.35811234,2.8840879194930166e-17,
6882.39601278,3.1897559193760803e-17,
6885.43391323,3.1584854069709265e-17,
6888.47181368,3.1616074227021984e-17,
6891.50971413,3.0924698807822694e-17,
6894.54761457,2.65166140156373e-17,
6897.58551502,2.838768336297142e-17,
6900.62341547,3.1803395170898265e-17,
6903.66131592,3.192021898535874e-17,
6906.69921637,3.0784208099915485e-17,
6909.73711681,2.7449693878547914e-17,
6912.77501726,2.96581423452291e-17,
6915.81291771,3.334765996829769e-17,
6918.85081816,2.974953683800745e-17,
6921.88871861,3.17546766189627e-17,
6924.92661905,3.371877699957946e-17,
6927.9645195,3.445295424735263e-17,
6931.00241995,3.863620355179405e-17,
6934.0403204,3.088416295840861e-17,
6937.07822084,3.581128286591787e-17,
6940.11612129,3.2140648402514226e-17,
6943.15402174,3.047414661821704e-17,
6946.19192219,3.200355666334671e-17,
6949.22982264,2.89725577616604e-17,
6952.26772308,2.9005666234939603e-17,
6955.30562353,2.520083545018374e-17,
6958.34352398,2.7230271563241222e-17,
6961.38142443,3.37408073525219e-17,
6964.41932487,2.9715169487417246e-17,
6967.45722532,2.2667218974072155e-17,
6970.49512577,2.9208974920665544e-17,
6973.53302622,2.889148606283222e-17,
6976.57092667,3.110950199707698e-17,
6979.60882711,3.173289804148246e-17,
6982.64672756,3.169966368047215e-17,
6985.68462801,3.20422041967943e-17,
6988.72252846,2.8678861685004915e-17,
6991.76042891,3.151234273659587e-17,
6994.79832935,3.2117862723185194e-17,
6997.8362298,3.391780550244801e-17,
7000.87413025,3.3023499060716087e-17,
7003.9120307,2.881696052602123e-17,
7006.94993114,3.49343489310777e-17,
7009.98783159,3.2363847349753917e-17,
7013.02573204,3.154180046567319e-17,
7016.06363249,3.4613461104504685e-17,
7019.10153294,3.5728952289778695e-17,
7022.13943338,3.514206368739212e-17,
7025.17733383,3.9025574304085273e-17,
7028.21523428,4.0469758355260476e-17,
7031.25313473,4.163069501146146e-17,
7034.29103518,4.2621683230677916e-17,
7037.32893562,4.2164458991323985e-17,
7040.36683607,4.148227337649497e-17,
7043.40473652,4.0394477492062885e-17,
7046.44263697,4.579203985069154e-17,
7049.48053741,4.655202408334014e-17,
7052.51843786,4.488111622845446e-17,
7055.55633831,4.564235933841405e-17,
7058.59423876,4.7657318362395077e-17,
7061.63213921,4.4889676594169244e-17,
7064.67003965,4.461196825936341e-17,
7067.7079401,4.86595105896794e-17,
7070.74584055,4.7390310484732714e-17,
7073.783741,4.5601697601268866e-17,
7076.82164145,5.291036160572134e-17,
7079.85954189,5.775175196835174e-17,
7082.89744234,5.174376000162087e-17,
7085.93534279,5.3852883048464426e-17,
7088.97324324,5.908666546893243e-17,
7092.01114368,6.349890455624412e-17,
7095.04904413,6.522772076743563e-17,
7098.08694458,5.978584592745991e-17,
7101.12484503,6.140891644452771e-17,
7104.16274548,6.113901314905006e-17,
7107.20064592,6.557743688443048e-17,
7110.23854637,6.539288547063838e-17,
7113.27644682,6.228194785970379e-17,
7116.31434727,6.886637974713996e-17,
7119.35224771,6.402612237408946e-17,
7122.39014816,6.565070354393048e-17,
7125.42804861,6.39752637307252e-17,
7128.46594906,6.263241930308522e-17,
7131.50384951,6.460533182487896e-17,
7134.54174995,6.257828757871238e-17,
7137.5796504,6.13406852942717e-17,
7140.61755085,6.349047007826045e-17,
7143.6554513,6.551789198762033e-17,
7146.69335175,6.302128650445205e-17,
7149.73125219,6.169933944017461e-17,
7152.76915264,6.016413855941436e-17,
7155.80705309,6.352030547053106e-17,
7158.84495354,6.606726604613922e-17,
7161.88285398,6.943891714818119e-17,
7164.92075443,6.503297244742448e-17,
7167.95865488,6.294197723385927e-17,
7170.99655533,6.722719560049141e-17,
7174.03445578,7.065499263060382e-17,
7177.07235622,7.22086990078357e-17,
7180.11025667,7.576490152366978e-17,
7183.14815712,7.540624737776685e-17,
7186.18605757,6.988166429845866e-17,
7189.22395802,7.161312415200327e-17,
7192.26185846,6.943765827087018e-17,
7195.29975891,7.555064060533817e-17,
7198.33765936,7.026650309243028e-17,
7201.37555981,6.375558963995632e-17,
7204.41346025,6.80593135030601e-17,
7207.4513607,6.965720647390798e-17,
7210.48926115,7.29691867914087e-17,
7213.5271616,6.970756156634784e-17,
7216.56506205,7.30816045352807e-17,
7219.60296249,8.298783598324337e-17,
7222.64086294,8.475001244317631e-17,
7225.67876339,7.62587590927737e-17,
7228.71666384,6.686451304719331e-17,
7231.75456429,7.869997397425814e-17,
7234.79246473,7.353794756051694e-17,
7237.83036518,6.619755984782735e-17,
7240.86826563,7.342301206202295e-17,
7243.90616608,8.047624986007422e-17,
7246.94406652,7.574803256770242e-17,
7249.98196697,7.895980625124782e-17,
7253.01986742,8.262741940910506e-17,
7256.05776787,8.217837787227261e-17,
7259.09566832,8.361286856815315e-17,
7262.13356876,9.254649140563993e-17,
7265.17146921,8.8040465958659e-17,
7268.20936966,9.395102082151873e-17,
7271.24727011,9.773508013064317e-17,
7274.28517056,9.465095660643279e-17,
7277.323071,9.840505463555549e-17,
7280.36097145,9.46104207570187e-17,
7283.3988719,9.134929908288224e-17,
7286.43677235,9.752723948659763e-17,
7289.47467279,1.033530719064273e-16,
7292.51257324,1.0594056833144953e-16,
7295.55047369,9.972259562924446e-17,
7298.58837414,1.0144788698396517e-16,
7301.62627459,1.1358938098533327e-16,
7304.66417503,1.1378626939677313e-16,
7307.70207548,1.1530397188291052e-16,
7310.73997593,1.195374503920607e-16,
7313.77787638,1.1703014445174894e-16,
7316.81577682,1.1446518193059354e-16,
7319.85367727,1.1775953796574032e-16,
7322.89157772,1.2039776714639571e-16,
7325.92947817,1.1821751753148085e-16,
7328.96737862,1.1458301284690282e-16,
7332.00527906,1.1456778043143975e-16,
7335.04317951,1.2305110285478306e-16,
7338.08107996,1.171207836181407e-16,
7341.11898041,1.2027981034235534e-16,
7344.15688086,1.2869250974855176e-16,
7347.1947813,1.2955987621582837e-16,
7350.23268175,1.2682307694172193e-16,
7353.2705822,1.265750781114556e-16,
7356.30848265,1.221332554073355e-16,
7359.34638309,1.2244419810315167e-16,
7362.38428354,1.2854522110316516e-16,
7365.42218399,1.2948182582254657e-16,
7368.46008444,1.2786920398716003e-16,
7371.49798489,1.362722100380618e-16,
7374.53588533,1.4040132761813035e-16,
7377.57378578,1.4207059893251175e-16,
7380.61168623,1.4237272948715089e-16,
7383.64958668,1.5564381409967616e-16,
7386.68748713,1.6940082535424608e-16,
7389.72538757,1.6836476932729592e-16,
7392.76328802,1.679443043054231e-16,
7395.80118847,1.743733907326823e-16,
7398.83908892,1.8147723539863565e-16,
7401.87698936,1.79179784306067e-16,
7404.91488981,1.7522690954953794e-16,
7407.95279026,1.7200921914263086e-16,
7410.99069071,1.764014420806977e-16,
7414.02859116,1.7232519734769099e-16,
7417.0664916,1.7335118235615314e-16,
7420.10439205,1.7966193431617868e-16,
7423.1422925,1.6913016673238183e-16,
7426.18019295,1.6936305903491617e-16,
7429.2180934,1.729621892670552e-16,
7432.25599384,1.6907729388531996e-16,
7435.29389429,1.5470595050298375e-16,
7438.33179474,1.5015510902373136e-16,
7441.36969519,1.5450201237860232e-16,
7444.40759563,1.4462863762845665e-16,
7447.44549608,1.4130394265011486e-16,
7450.48339653,1.4219019227705638e-16,
7453.52129698,1.3682611605490026e-16,
7456.55919743,1.2840170908971157e-16,
7459.59709787,1.2312411773882087e-16,
7462.63499832,1.243442216286387e-16,
7465.67289877,1.2187405256900135e-16,
7468.71079922,1.1811970276441643e-16,
7471.74869967,1.1861469332310027e-16,
7474.78660011,1.1837034523703582e-16,
7477.82450056,1.1488526928927307e-16,
7480.86240101,1.1031831418043993e-16,
7483.90030146,1.1145243674991668e-16,
7486.9382019,1.0900379449229736e-16,
7489.97610235,1.0192852634130364e-16,
7493.0140028,9.979233743227367e-17,
7496.05190325,1.0222108942837922e-16,
7499.0898037,9.916617185778399e-17,
7502.12770414,9.808781755318437e-17,
7505.16560459,1.0033831252205286e-16,
7508.20350504,9.550711906564153e-17,
7511.24140549,8.782494616301639e-17,
7514.27930593,9.163770787483153e-17,
7517.31720638,8.963281986933849e-17,
7520.35510683,8.585228541668485e-17,
7523.39300728,8.244576341312827e-17,
7526.43090773,8.459693296215911e-17,
7529.46880817,8.803278680706191e-17,
7532.50670862,7.977178211684057e-17,
7535.54460907,7.881717545191192e-17,
7538.58250952,8.0124771314844e-17,
7541.62040997,7.704165489248244e-17,
7544.65831041,7.339556853664324e-17,
7547.69621086,7.656277796337937e-17,
7550.73411131,7.815563542498325e-17,
7553.77201176,7.486493013403837e-17,
7556.8099122,7.458407460595504e-17,
7559.84781265,6.946056983793032e-17,
7562.8857131,6.012234383268928e-17,
7565.92361355,6.340171922783519e-17,
7568.961514,6.818356469365546e-17,
7571.99941444,6.695477455039176e-17,
7575.03731489,6.520216555802241e-17,
7578.07521534,6.146871311680005e-17,
7581.11311579,5.922300188171336e-17,
7584.15101624,6.106675359139885e-17,
7587.18891668,6.07942066535681e-17,
7590.22681713,6.205258041364022e-17,
7593.26471758,5.894365700640323e-17,
7596.30261803,5.124713290243274e-17,
7599.34051847,4.9583652423681946e-17,
7602.37841892,3.708060885859565e-17,
7605.41631937,4.386986008453096e-17,
7608.45421982,3.853070963313254e-17,
7611.49212027,3.0575486241752263e-17,
7614.53002071,2.993736133280813e-17,
7617.56792116,3.250093908892143e-17,
7620.60582161,3.0450353837039207e-17,
7623.64372206,2.750911288762695e-17,
7626.68162251,4.113230548403794e-17,
7629.71952295,4.021546513843918e-17,
7632.7574234,2.3461192894117658e-17,
7635.79532385,2.913319050654355e-17,
7638.8332243,3.2712682252631047e-17,
7641.87112474,3.184720410132094e-17,
7644.90902519,3.47160596053509e-17,
7647.94692564,3.658347820848313e-17,
7650.98482609,3.380614308496262e-17,
7654.02272654,3.354203062511555e-17,
7657.06062698,4.039321861475188e-17,
7660.09852743,3.8446364853295774e-17,
7663.13642788,3.1886355185692935e-17,
7666.17432833,3.184644877493434e-17,
7669.21222878,3.949777918344006e-17,
7672.25012922,4.236776767704992e-17,
7675.28802967,3.562207360607509e-17,
7678.32593012,3.289635245230544e-17,
7681.36383057,3.968384125000535e-17,
7684.40173101,4.196845179400182e-17,
7687.43963146,3.6364055893176436e-17,
7690.47753191,4.0870459003350663e-17,
7693.51543236,3.748621912819873e-17,
7696.55333281,3.65234297607486e-17,
7699.59123325,3.696869466564806e-17,
7702.6291337,3.404079781573237e-17,
7705.66703415,3.687427886732332e-17,
7708.7049346,4.966182870469483e-17,
7711.74283504,5.1541961968668123e-17,
7714.78073549,4.6578208731408865e-17,
7717.81863594,4.188939429887125e-17,
7720.85653639,3.676085402160254e-17,
7723.89443684,4.550237218143124e-17,
7726.93233728,4.471481853567182e-17,
7729.97023773,4.589438657607556e-17,
7733.00813818,4.8122473528808294e-17,
7736.04603863,4.64581118359398e-17,
7739.08393908,4.584944465607298e-17,
7742.12183952,4.5207920778389156e-17,
7745.15973997,4.5778947526657175e-17,
7748.19764042,4.568591649337453e-17,
7751.23554087,4.5364399228146026e-17,
7754.27344131,4.598452219154291e-17,
7757.31134176,5.058949539516816e-17,
7760.34924221,5.739662267891962e-17,
7763.38714266,4.803850641216482e-17,
7766.42504311,4.714999080606348e-17,
7769.46294355,5.897915734657334e-17,
7772.500844,6.061884504414629e-17,
7775.53874445,5.70427522667985e-17,
7778.5766449,5.988882209149941e-17,
7781.61454535,5.691711631116105e-17,
7784.65244579,6.042057186766434e-17,
7787.69034624,6.594842802798114e-17,
7790.72824669,6.016023603975027e-17,
7793.76614714,6.194142154707924e-17,
7796.80404758,6.303601536899071e-17,
7799.84194803,5.940679796911885e-17,
7802.87984848,5.772078358650122e-17,
7805.91774893,6.474519309413068e-17,
7808.95564938,5.963415121148483e-17,
7811.99354982,5.91740315543156e-17,
7815.03145027,6.613738551236172e-17,
7818.06935072,6.45564873852123e-17,
7821.10725117,6.777732498539688e-17,
7824.14515162,7.845398934768942e-17,
7827.18305206,6.684260858198197e-17,
7830.22095251,6.075404846734733e-17,
7833.25885296,7.330820245126007e-17,
7836.29675341,7.300481301930992e-17,
7839.33465385,6.620599432581104e-17,
7842.3725543,7.42385127840865e-17,
7845.41045475,6.554281775837806e-17,
7848.4483552,7.30456006441862e-17,
7851.48625565,8.235864910320732e-17,
7854.52415609,7.728889839636216e-17,
7857.56205654,7.745771384376678e-17,
7860.59995699,9.561852970766471e-17,
7863.63785744,1.0094987511973496e-16,
7866.67575788,9.823586152495757e-17,
7869.71365833,9.541874587840956e-17,
7872.75155878,9.668719065696966e-17,
7875.78945923,9.957845417713535e-17,
7878.82735968,1.0170066954801328e-16,
7881.86526012,9.106794000387451e-17,
7884.90316057,9.911292134752885e-17,
7887.94106102,1.0876070528354392e-16,
7890.97896147,1.0509649109442639e-16,
7894.01686192,1.0616427082961362e-16,
7897.05476236,9.653902079746537e-17,
7900.09266281,9.865204636397302e-17,
7903.13056326,9.816687504831497e-17,
7906.16846371,9.358141444301015e-17,
7909.20636415,9.762857911013286e-17,
7912.2442646,1.0010101414893e-16,
7915.28216505,9.272575553472582e-17,
7918.3200655,9.405424876102044e-17,
7921.35796595,9.211029041737962e-17,
7924.39586639,8.61597032560302e-17,
7927.43376684,9.330584619963301e-17,
7930.47166729,8.700365460532226e-17,
7933.50956774,7.135014468173609e-17,
7936.54746819,7.16328885257859e-17,
7939.58536863,7.852775955811382e-17,
7942.62326908,7.250856358331509e-17,
7945.66116953,6.641811515271394e-17,
7948.69906998,6.301159314915737e-17,
7951.73697042,6.345673216632575e-17,
7954.77487087,6.053664035573823e-17,
7957.81277132,5.339893189011909e-17,
7960.85067177,4.928643149055567e-17,
7963.88857222,4.5590493593201e-17,
7966.92647266,5.335273109280551e-17,
7969.96437311,6.169971710336791e-17,
7973.00227356,5.696331710847461e-17,
7976.04017401,4.5914025062127104e-17,
7979.07807446,4.90575675954165e-17,
7982.1159749,4.430908237833765e-17,
7985.15387535,4.0908854761336054e-17,
7988.1917758,5.342687896642321e-17,
7991.22967625,5.683906591787926e-17,
7994.26757669,4.051709214215394e-17,
7997.30547714,4.4183572310431296e-17,
8000.34337759,4.5795816482624525e-17,
8003.38127804,4.903440425289417e-17,
8006.41917849,4.927069552416821e-17,
8009.45707893,4.8993742515748973e-17,
8012.49497938,4.6858183045374493e-17,
8015.53287983,3.7937904307384286e-17,
8018.57078028,4.522076132696132e-17,
8021.60868073,4.4440257394143486e-17,
8024.64658117,3.702710657287831e-17,
8027.68448162,4.332036013828098e-17,
8030.72238207,4.020980019053969e-17,
8033.76028252,3.7941303276123975e-17,
8036.79818296,3.8508931055652305e-17,
8039.83608341,4.21576610538446e-17,
8042.87398386,4.727361255800334e-17,
8045.91188431,4.509285939216408e-17,
8048.94978476,4.198091467938069e-17,
8051.9876852,4.8288015895204327e-17,
8055.02558565,5.036428224423089e-17,
8058.0634861,4.1004403549240696e-17,
8061.10138655,4.427471502774744e-17,
8064.13928699,5.137629371454098e-17,
8067.17718744,4.84439907940368e-17,
8070.21508789,4.16142037186874e-17,
8073.25298834,4.110108532672523e-17,
8076.29088879,4.7259639019851277e-17,
8079.32878923,4.910036942399039e-17,
8082.36668968,4.1641017805411634e-17,
8085.40459013,4.0701517668214935e-17,
8088.44249058,4.463034786810396e-17,
8091.48039103,4.564689129673365e-17,
8094.51829147,4.842410053252305e-17,
8097.55619192,4.862967519740879e-17,
8100.59409237,4.4646713273146915e-17,
8103.63199282,4.3362280752737165e-17,
8106.66989326,4.4188985482868583e-17,
8109.70779371,4.177244459667967e-17,
8112.74569416,3.995815061607149e-17,
8115.78359461,4.210541764543825e-17,
8118.82149506,4.2098242044765565e-17,
8121.8593955,3.511663436570999e-17,
8124.89729595,3.2511765433796005e-17,
8127.9351964,4.006905770717028e-17,
8130.97309685,3.3290632826109543e-17,
8134.0109973,3.660601211234997e-17,
8137.04889774,3.895155231819867e-17,
8140.08679819,3.25861650828759e-17,
8143.12469864,3.057259082393697e-17,
8146.16259909,3.336603957703824e-17,
8149.20049953,3.6358265057545855e-17,
8152.23839998,3.336213705737415e-17,
8155.27630043,3.2117988610916294e-17,
8158.31420088,3.712894974733792e-17,
8161.35210133,3.698833315169961e-17,
8164.39000177,3.314359595618515e-17,
8167.42790222,3.443457463861208e-17,
8170.46580267,3.5551198813465986e-17,
8173.50370312,3.310520019819976e-17,
8176.54160357,3.076721325621703e-17,
8179.57950401,3.1878298370902555e-17,
8182.61740446,3.047049587401515e-17,
8185.65530491,2.7724884458731754e-17,
8188.69320536,2.7977415247317654e-17,
8191.7311058,3.120391779540172e-17,
8194.76900625,3.091613844210792e-17,
8197.8069067,2.7442140614681935e-17,
8200.84480715,2.4411771151651127e-17,
8203.8827076,2.3663872141188094e-17,
8206.92060804,2.2742751612731943e-17,
8209.95850849,2.5013892169500758e-17,
8212.99640894,2.6607001406566848e-17,
8216.03430939,2.434404355231951e-17,
8219.07220984,2.6127872702001575e-17,
8222.11011028,2.852137613339925e-17,
8225.14801073,2.858910373273086e-17,
8228.18591118,2.7214032045929365e-17,
8231.22381163,2.717349619651528e-17,
8234.26171207,3.0116373686431834e-17,
8237.29961252,3.0191402774167225e-17,
8240.33751297,2.5352530166158822e-17,
8243.37541342,2.526705239674216e-17,
8246.41331387,2.213635041202492e-17,
8249.45121431,3.1321748711711e-17,
8252.48911476,3.266459313935098e-17,
8255.52701521,2.509597097017773e-17,
8258.56491566,2.932000789949544e-17,
8261.6028161,2.618074554906343e-17,
8264.64071655,2.5699224977607263e-17,
8267.678617,2.683007446607543e-17,
8270.71651745,2.534107438262875e-17,
8273.7544179,2.4546974574852153e-17,
8276.79231834,2.5740893816601242e-17,
8279.83021879,1.821394048642198e-17,
8282.86811924,1.5823458360570698e-17,
8285.90601969,1.6690698940116196e-17,
8288.94392014,1.758928556470551e-17,
8291.98182058,2.0265658727884102e-17,
8295.01972103,1.9097042920086038e-17,
8298.05762148,1.951499018733688e-17,
8301.09552193,2.795374835387092e-17,
8304.13342237,2.9640895726068445e-17,
8307.17132282,1.7857678207409964e-17,
8310.20922327,2.5979199291572885e-17,
8313.24712372,2.7229264461392423e-17,
8316.28502417,2.7246007529628676e-17,
8319.32292461,3.385184033135179e-17,
8322.36082506,2.966179308943099e-17,
8325.39872551,2.8386928036584823e-17,
8328.43662596,3.018536016307444e-17,
8331.47452641,2.4675128285111594e-17,
8334.51242685,3.036248420073165e-17,
8337.5503273,3.9756604358580944e-17,
8340.58822775,2.005190136047689e-17,
8343.6261282,3.514181191192992e-17,
8346.66402864,3.1762355770559775e-17,
8349.70192909,2.3574617739838442e-17,
8352.73982954,3.379959692294544e-17,
8355.77772999,2.379957911531352e-17,
8358.81563044,3.321358953467656e-17,
8361.85353088,3.5616156882713403e-17,
8364.89143133,3.3077001346433436e-17,
8367.92933178,3.2831268495326914e-17,
8370.96723223,2.292491115963314e-17,
8374.00513268,2.5084766962109858e-17,
8377.04303312,2.9469310748579623e-17,
8380.08093357,3.246002557631405e-17,
8383.11883402,2.5132226636734428e-17,
8386.15673447,1.9582717786668494e-17,
8389.19463491,2.797288328899807e-17,
8392.23253536,2.5408424318767067e-17,
8395.27043581,2.2553416465158067e-17,
8398.30833626,2.0946459577671016e-17,
8401.34623671,1.995093940013497e-17,
8404.38413715,2.5142297655222403e-17,
8407.4220376,2.113629827616929e-17,
8410.45993805,2.2228248455727667e-17,
8413.4978385,1.665708691591259e-17,
8416.53573895,1.1994885149729436e-17,
8419.57363939,2.0805591206570506e-17,
8422.61153984,1.9577430501962307e-17,
8425.64944029,2.0517560077814503e-17,
8428.68734074,2.686595246943883e-17,
8431.72524118,2.2001146988823896e-17,
8434.76314163,3.297780181432691e-17,
8437.80104208,2.7308825507447404e-17,
8440.83894253,2.649710141731685e-17,
8443.87684298,3.373287642546262e-17,
8446.91474342,3.365331537940764e-17,
8449.95264387,2.6322243358819437e-17,
8452.99054432,3.02736074625753e-17,
8456.02844477,3.171036413761562e-17,
8459.06634521,3.694402067035254e-17,
8462.10424566,4.2849036473043885e-17,
8465.14214611,3.9328586072842134e-17,
8468.18004656,3.1807423578293455e-17,
8471.21794701,3.4295216920284766e-17,
8474.25584745,4.534526429301888e-17,
8477.2937479,5.283470307933044e-17,
8480.33164835,4.8806925122797093e-17,
8483.3695488,5.359720506660104e-17,
8486.40744925,5.883438645580874e-17,
8489.44534969,6.095949724450196e-17,
8492.48325014,6.312350734210497e-17,
8495.52115059,5.932396384205528e-17,
8498.55905104,6.717256032519416e-17,
8501.59695148,6.427487653074237e-17,
8504.63485193,7.238330529087093e-17,
8507.67275238,8.193742875494788e-17,
8510.71065283,7.419520740458823e-17,
8513.74855328,7.456871630276088e-17,
8516.78645372,7.696435982558726e-17,
8519.82435417,7.711983117349532e-17,
8522.86225462,7.584698032434673e-17,
8525.90015507,8.093234110984826e-17,
8528.93805552,8.029081723216445e-17,
8531.97595596,7.779924725824013e-17,
8535.01385641,7.949067481329506e-17,
8538.05175686,8.118348713339206e-17,
8541.08965731,7.317765687410972e-17,
8544.12755775,8.026173716628042e-17,
8547.1654582,8.840352617515039e-17,
8550.20335865,9.16110196758384e-17,
8553.2412591,8.856592134826893e-17,
8556.27915955,8.863314539667614e-17,
8559.31705999,8.946350087100945e-17,
8562.35496044,8.629213714914703e-17,
8565.39286089,8.634828307721748e-17,
8568.43076134,8.961834278026203e-17,
8571.46866179,8.915306172611771e-17,
8574.50656223,9.07144472549467e-17,
8577.54446268,9.416326753615274e-17,
8580.58236313,8.47466134744366e-17,
8583.62026358,8.150236075626749e-17,
8586.65816402,9.411102412774639e-17,
8589.69606447,9.306993259155226e-17,
8592.73396492,9.106731056521901e-17,
8595.77186537,8.957075721790635e-17,
8598.80976582,9.346408707762527e-17,
8601.84766626,9.978377706655887e-17,
8604.88556671,9.946943540200304e-17,
8607.92346716,9.536499181723003e-17,
8610.96136761,9.97779862309283e-17,
8613.99926805,1.0916694499180252e-16,
8617.0371685,1.1124837273780415e-16,
8620.07506895,1.1075111619996053e-16,
8623.1129694,1.1366717960315284e-16,
8626.15086985,1.1549947552930829e-16,
8629.18877029,1.210599366119799e-16,
8632.22667074,1.2096539492592405e-16,
8635.26457119,1.2725487185939375e-16,
8638.30247164,1.230444308050348e-16,
8641.34037209,1.2908150283764967e-16,
8644.37827253,1.4434287247886045e-16,
8647.41617298,1.5179416728264881e-16,
8650.45407343,1.5976286066125677e-16,
8653.49197388,1.671147041574764e-16,
8656.52987432,1.7691380514627326e-16,
8659.56777477,1.8439908963745855e-16,
8662.60567522,1.855799165551733e-16,
8665.64357567,1.9218021029672802e-16,
8668.68147612,1.8536842516692588e-16,
8671.71937656,1.7916593665564604e-16,
8674.75727701,1.878824031569859e-16,
8677.79517746,2.066648526370539e-16,
8680.83307791,2.0875836560524114e-16,
8683.87097836,1.9716032893903023e-16,
8686.9088788,1.912574532277676e-16,
8689.94677925,1.885395371133261e-16,
8692.9846797,1.8812914310994123e-16,
8696.02258015,1.895139081520374e-16,
8699.06048059,1.9395774505985508e-16,
8702.09838104,1.9092385074035348e-16,
8705.13628149,1.828934723735067e-16,
8708.17418194,1.8688914895860965e-16,
8711.21208239,1.8585561068628153e-16,
8714.24998283,1.9274544620936544e-16,
8717.28788328,1.9032336626300816e-16,
8720.32578373,1.8270715853147923e-16,
8723.36368418,1.7433436553604143e-16,
8726.40158463,1.834033176844603e-16,
8729.43948507,1.722509235863422e-16,
8732.47738552,1.659577959086706e-16,
8735.51528597,1.7812484511945192e-16,
8738.55318642,1.8487998077025923e-16,
8741.59108686,1.7011334991227012e-16,
8744.62898731,1.7971354828592952e-16,
8747.66688776,1.8162704179864423e-16,
8750.70478821,1.727242614552769e-16,
8753.74268866,1.7903123678336941e-16,
8756.7805891,1.8049782885068037e-16,
8759.81848955,1.8952397917052537e-16,
8762.85639,1.91812618121917e-16,
8765.89429045,1.891840822965563e-16,
8768.9321909,1.9758960610208002e-16,
8771.97009134,2.1286860002564474e-16,
8775.00799179,2.1894016529658094e-16,
8778.04589224,2.1469523100390068e-16,
8781.08379269,2.2144910777739701e-16,
8784.12169313,2.29755180275352e-16,
8787.15959358,2.2992261095771453e-16,
8790.19749403,2.247335186817869e-16,
8793.23539448,2.2126531168999148e-16,
8796.27329493,2.2243732646652926e-16,
8799.31119537,2.1410859417697631e-16,
8802.34909582,2.1345020134332514e-16,
8805.38699627,2.1528690334006906e-16,
8808.42489672,2.081490689867188e-16,
8811.46279716,2.0033647639467444e-16,
8814.50069761,2.101003288187634e-16,
8817.53859806,1.823282364608693e-16,
8820.57649851,1.6627880962297473e-16,
8823.61439896,1.7469440444698642e-16,
8826.6522994,1.6403045474553494e-16,
8829.69019985,1.6279675498075837e-16,
8832.7281003,1.5248025541714192e-16,
8835.76600075,1.6375098398249372e-16,
8838.8039012,1.7537671594954652e-16,
8841.84180164,1.5729168449977058e-16,
8844.87970209,1.459844484923999e-16,
8847.91760254,1.4444106490911816e-16,
8850.95550299,1.4014577552399806e-16,
8853.99340343,1.4146130231398943e-16,
8857.03130388,1.3704390182970264e-16,
8860.06920433,1.3548792947331096e-16,
8863.10710478,1.3024722322763246e-16,
8866.14500523,1.2022215376151171e-16,
8869.18290567,1.200122989137686e-16,
8872.22080612,1.1955784420449884e-16,
8875.25870657,1.197543549527454e-16,
8878.29660702,1.2510848604414468e-16,
8881.33450747,1.2368519935633202e-16,
8884.37240791,1.1072770108197599e-16,
8887.41030836,1.0863456577698208e-16,
8890.44820881,1.0966583807015042e-16,
8893.48610926,1.1032234258783511e-16,
8896.5240097,1.135783028649965e-16,
8899.56191015,9.92376760890486e-17,
8902.5998106,9.409755414051873e-17,
8905.63771105,9.812369555654778e-17,
8908.6756115,1.0421666174177091e-16,
8911.71351194,1.0099947488578821e-16,
8914.75141239,8.353343340982927e-17,
8917.78931284,8.296139955971245e-17,
8920.82721329,8.711657590011865e-17,
8923.86511374,9.145894729667003e-17,
8926.90301418,9.390658245244056e-17,
8929.94091463,9.420191506960033e-17,
8932.97881508,8.874090529449745e-17,
8936.01671553,8.291444343601228e-17,
8939.05461597,8.540173322707919e-17,
8942.09251642,8.964087668412886e-17,
8945.13041687,8.715245390348205e-17,
8948.16831732,8.268394300036881e-17,
8951.20621777,9.050773960048105e-17,
8954.24411821,1.0203439792315845e-16,
8957.28201866,8.591459984357917e-17,
8960.31991911,7.492057251118441e-17,
8963.35781956,8.045887735318248e-17,
8966.39572001,8.288964355298565e-17,
8969.43362045,7.327270211108997e-17,
8972.4715209,7.262186254130476e-17,
8975.50942135,6.226495301600534e-17,
8978.5473218,5.93889219113027e-17,
8981.58522224,6.003132700310423e-17,
8984.62312269,6.030651758328806e-17,
8987.66102314,5.639682231852618e-17,
8990.69892359,5.4786592350030537e-17,
8993.73682404,5.068718427450149e-17,
8996.77472448,4.432947619077579e-17,
8999.81262493,4.060269579930171e-17,
9002.85052538,5.3617095328114776e-17,
9005.88842583,4.702964213513222e-17,
9008.92632627,4.069560094485325e-17,
9011.96422672,4.503671346409363e-17,
9015.00212717,4.46504899050799e-17,
9018.04002762,4.5064660540397754e-17,
9021.07792807,4.1695149529784484e-17,
9024.11582851,4.302150266465041e-17,
9027.15372896,4.586480295926714e-17,
9030.19162941,3.809123556386366e-17,
9033.22952986,3.710994069994187e-17,
9036.26743031,3.854971868052858e-17,
9039.30533075,3.5036695656461716e-17,
9042.3432312,4.511602273468641e-17,
9045.38113165,4.4504837800197603e-17,
9048.4190321,4.0859758546207196e-17,
9051.45693254,4.508052239451631e-17,
9054.49483299,4.415310747950518e-17,
9057.53273344,4.167097908541335e-17,
9060.57063389,3.902293066173218e-17,
9063.60853434,2.9656757580187005e-17,
9066.64643478,2.6499870947401043e-17,
9069.68433523,3.4290684961965175e-17,
9072.72223568,3.457582067290589e-17,
9075.76013613,3.475911320938698e-17,
9078.79803658,3.7678827356781204e-17,
9081.83593702,3.7159666353726237e-17,
9084.87383747,3.712177414666524e-17,
9087.91173792,3.3642363146801973e-17,
9090.94963837,3.0816687134539194e-17,
9093.98753881,2.8261417968678466e-17,
9097.02543926,2.817505898514411e-17,
9100.06333971,2.8868826271234284e-17,
9103.10124016,3.859100985632928e-17,
9106.13914061,3.4235168472550234e-17,
9109.17704105,2.3176434846370244e-17,
9112.2149415,3.3177585643582063e-17,
9115.25284195,2.7229390349123523e-17,
9118.2907424,2.677934171044227e-17,
9121.32864285,3.6308917066954796e-17,
9124.36654329,3.200242367376681e-17,
9127.40444374,3.50772315058758e-17,
9130.44234419,3.443709239323407e-17,
9133.48024464,3.463184071324523e-17,
9136.51814508,2.98759281200315e-17,
9139.55604553,2.62626984620093e-17,
9142.59394598,2.4908775914032546e-17,
9145.63184643,3.0036938528107953e-17,
9148.66974688,3.180251395678056e-17,
9151.70764732,2.3706170418837575e-17,
9154.74554777,2.791459726949893e-17,
9157.78344822,3.185840810938881e-17,
9160.82134867,3.0449976173845906e-17,
9163.85924911,2.3110595563005127e-17,
9166.89714956,2.2102234836896918e-17,
9169.93505001,2.327953689814086e-17,
9172.97295046,2.0788722250603153e-17,
9176.01085091,1.5553806840555245e-17,
9179.04875135,2.1081411225409844e-17,
9182.0866518,2.723417408290531e-17,
9185.12455225,3.031817171938457e-17,
9188.1624527,2.5523737480454346e-17,
9191.20035315,2.2589042693059273e-17,
9194.23825359,2.6456691455633864e-17,
9197.27615404,2.8377360569021246e-17,
9200.31405449,2.556943472684352e-17,
9203.35195494,2.491167133184784e-17,
9206.38985538,2.9193868392933586e-17,
9209.42775583,3.634555039670479e-17,
9212.46565628,3.539937820975981e-17,
9215.50355673,3.353762455452706e-17,
9218.54145718,3.602365546828298e-17,
9221.57935762,3.7460915694247706e-17,
9224.61725807,3.178363079711562e-17,
9227.65515852,2.714894808895085e-17,
9230.69305897,3.2360951931938617e-17,
9233.73095942,3.516975898823404e-17,
9236.76885986,3.5298542137148986e-17,
9239.80676031,3.1882830329222146e-17,
9242.84466076,3.0513549478051233e-17,
9245.88256121,3.286739827415252e-17,
9248.92046165,3.2283530977312334e-17,
9251.9583621,2.860823866785801e-17,
9254.99626255,3.1318349742971304e-17,
9258.034163,3.86189569326334e-17,
9261.07206345,3.5964236459203944e-17,
9264.10996389,2.899408456367844e-17,
9267.14786434,2.9392896895802136e-17,
9270.18576479,3.2855061276504754e-17,
9273.22366524,2.7684348609317668e-17,
9276.26156569,3.3235368112156797e-17,
9279.29946613,3.633447227636802e-17,
9282.33736658,3.090090602664486e-17,
9285.37526703,2.6047052778635597e-17,
9288.41316748,3.085823008580208e-17,
9291.45106792,3.5395098026902423e-17,
9294.48896837,3.577616018894106e-17,
9297.52686882,3.659782940982849e-17,
9300.56476927,3.0935021601772867e-17,
9303.60266972,3.0978830532195544e-17,
9306.64057016,3.576722216003299e-17,
9309.67847061,3.357413199654596e-17,
9312.71637106,2.916541776570507e-17,
9315.75427151,2.880890371123085e-17,
9318.79217196,2.8234352106492044e-17,
9321.8300724,2.393641907901884e-17,
9324.86797285,1.7739469627907394e-17,
9327.9058733,1.8051797088765632e-17,
9330.94377375,2.6724706435145022e-17,
9333.98167419,3.392561054177619e-17,
9337.01957464,2.3694211084383108e-17,
9340.05747509,6.784014296321561e-18,
9343.09537554,1.2668208268289032e-17,
9346.13327599,2.6264209114782494e-17,
9349.17117643,2.4523181793674313e-17,
9352.20907688,2.8807141282995454e-17,
9355.24697733,2.1073606186081664e-17,
9358.28487778,2.0776762916148686e-17,
9361.32277822,2.6548085948412212e-17,
9364.36067867,2.109337055986431e-17,
9367.39857912,2.1904339323608264e-17,
9370.43647957,1.6572112697420326e-17,
9373.47438002,1.1486160239582634e-17,
9376.51228046,2.5736739521474958e-17,
9379.55018091,2.6696129920185403e-17,
9382.58808136,2.4929169726470694e-17,
9385.62598181,2.101280241196053e-17,
9388.66388226,1.0452042883691438e-17,
9391.7017827,2.263234807255755e-17,
9394.73968315,1.1232320218593298e-17,
9397.7775836,6.280312306645635e-18,
9400.81548405,3.155287858600996e-17,
9403.85338449,2.717689516525497e-17,
9406.89128494,2.491834338159612e-17,
9409.92918539,2.4418694976861605e-17,
9412.96708584,2.9987338762054694e-17,
9416.00498629,4.276557290732482e-17,
9419.04288673,4.904938489289502e-17,
9422.08078718,4.1557931902885863e-17,
9425.11868763,3.154091925155549e-17,
9428.15658808,3.5571089074979735e-17,
9431.19448853,3.513602107629934e-17,
9434.23238897,3.5819843231632645e-17,
9437.27028942,3.283995474877279e-17,
9440.30818987,2.464453756645438e-17,
9443.34609032,3.139891789087508e-17,
9446.38399076,3.576835514961288e-17,
9449.42189121,2.9639888624219655e-17,
9452.45979166,2.336967251360821e-17,
9455.49769211,2.2499788291709618e-17,
9458.53559256,1.6294907913538894e-17,
9461.573493,2.4780118652848703e-17,
9464.61139345,4.142776398892882e-17,
9467.6492939,2.2900363052068705e-17,
9470.68719435,2.473039299906434e-17,
9473.7250948,3.183914728653056e-17,
9476.76299524,1.6060882621424642e-17,
9479.80089569,1.8359718479035378e-17,
9482.83879614,2.7184070765927652e-17,
9485.87669659,2.4614198623259367e-17,
9488.91459703,1.8533317660221797e-17,
9491.95249748,1.1350717629692519e-17,
9494.99039793,2.3552461499164902e-17,
9498.02829838,2.848398747726265e-17,
9501.06619883,2.054512949092533e-17,
9504.10409927,2.1841899008982836e-17,
9507.14199972,2.7074422552139854e-17,
9510.17990017,2.1400536623747462e-17,
9513.21780062,1.4078402632067327e-17,
9516.25570107,2.0538457441177046e-17,
9519.29360151,2.259193811087456e-17,
9522.33150196,2.0398092621000937e-17,
9525.36940241,1.9318353551359224e-17,
9528.40730286,2.014228875140644e-17,
9531.4452033,2.754222136090616e-17,
9534.48310375,3.0039582170461047e-17,
9537.5210042,2.6359883790418232e-17,
9540.55890465,2.3633533197993078e-17,
9543.5968051,2.3093978382499972e-17,
9546.63470554,2.5527640000118436e-17,
9549.67260599,2.7236062398871807e-17,
9552.71050644,2.2364333093046392e-17,
9555.74840689,1.8310118712982116e-17,
9558.78630733,1.3617653536242604e-17,
9561.82420778,1.32573628498354e-17,
9564.86210823,1.6864046345840418e-17,
9567.90000868,2.2265637111864265e-17,
9570.93790913,1.9730509982979484e-17,
9573.97580957,1.9864202753407313e-17,
9577.01371002,2.496567716848959e-17,
9580.05161047,2.1755288249986277e-17,
9583.08951092,1.9006277865963188e-17,
9586.12741137,2.2865240375091903e-17,
9589.16531181,2.6973460591797932e-17,
9592.20321226,2.0534932584706257e-17,
9595.24111271,1.7360421669566345e-17,
9598.27901316,1.7497261633271665e-17,
9601.3169136,1.2579860258603297e-17,
9604.35481405,1.588753521570042e-17,
9607.3927145,1.4947405639848224e-17,
9610.43061495,9.130939267212363e-18,
9613.4685154,1.126039318262852e-17,
9616.50641584,1.3797547103984006e-17,
9619.54431629,1.1357427445760131e-17,
9622.58221674,1.2398833701281999e-17,
9625.62011719,1.7625918894455507e-17,
9628.65801764,1.0077388407165764e-17,
9631.69591808,9.255051981303511e-18,
9634.73381853,1.3389922630683334e-17,
9637.77171898,6.004693708176058e-18,
9640.80961943,8.103128886649258e-18,
9643.84751987,1.4801627647234828e-17,
9646.88542032,1.3885542628022662e-17,
9649.92332077,1.163224036275067e-17,
9652.96122122,8.273593463331298e-18,
9655.99912167,7.837543540348324e-18,
9659.03702211,7.768632596344375e-18,
