wave,flux,flux_err
obswave,flux,
3776.7,1.398090583784367e-16,
3802.3,1.678548394585555e-16,
3827.9,1.512288973811198e-16,
3853.4,1.2880906639791104e-16,
3879.0,1.3418310828152662e-16,
3904.6,1.2116785059464512e-16,
3930.1,1.2864112758904805e-16,
3955.7,1.6978613576047988e-16,
3981.3,1.966563451785578e-16,
4006.8,1.707097992092263e-16,
4032.4,1.8557238379360065e-16,
4058.0,1.461067637107987e-16,
4083.6,1.395571501651422e-16,
4109.1,1.3493883292141008e-16,
4134.7,1.435037121734224e-16,
4160.3,1.3737394564992338e-16,
4185.8,1.3863348671639578e-16,
4211.4,1.5441973474951657e-16,
4237.0,1.8128994416759448e-16,
4262.6,2.0983954167430228e-16,
4288.1,1.551754593894e-16,
4313.7,1.6617545136992564e-16,
4339.3,1.6516781851674771e-16,
4364.8,1.7247315670228765e-16,
4390.4,1.9438917125890746e-16,
4416.0,1.6105331769960453e-16,
4441.6,1.6357239983254936e-16,
4467.1,1.617250729350565e-16,
4492.7,1.498853869102159e-16,
4518.3,1.5576324522042046e-16,
4543.8,1.537479795140646e-16,
4569.4,1.6214491995721397e-16,
4595.0,1.6693117600980908e-16,
4620.5,1.6819071707628148e-16,
4646.1,1.435876815778539e-16,
4671.7,1.5399988772735906e-16,
4697.3,1.3460295530368408e-16,
4722.8,1.4938157048362694e-16,
4748.4,1.7507620823966396e-16,
4774.0,1.7003804397377435e-16,
4799.5,1.512288973811198e-16,
4825.1,1.5181668321214026e-16,
4850.7,1.6701514541424059e-16,
4876.3,1.8254948523406686e-16,
4901.8,1.7692353513715683e-16,
4927.4,2.0320595872421427e-16,
4953.0,1.7339682015103407e-16,
4978.5,1.9035863984619576e-16,
5004.1,1.9396932423675e-16,
5029.7,1.9195405853039417e-16,
5055.3,1.9917542731150257e-16,
5080.8,1.9716016160514674e-16,
5106.4,1.7902277024794415e-16,
5132.0,1.8204566880747792e-16,
5157.5,1.7381666717319156e-16,
5183.1,1.7180140146683572e-16,
5208.7,1.6760293124526103e-16,
5234.2,1.7222124848899318e-16,
5259.8,1.6894644171616492e-16,
5285.4,1.5710675569132434e-16,
5311.0,1.5870217437552272e-16,
5336.5,1.5316019368304415e-16,
5362.1,1.5047317274123636e-16,
5387.7,1.4761821299056558e-16,
5413.2,1.487937846526065e-16,
5438.8,1.5148080559441429e-16,
5464.4,1.2259533046998051e-16,
5490.0,1.3334341423721168e-16,
5515.5,1.3040448508210942e-16,
5541.1,1.267938006915552e-16,
5566.7,1.267098312871237e-16,
5592.2,1.2192357523452856e-16,
5617.8,1.3006860746438344e-16,
5643.4,1.2183960583009708e-16,
5668.9,1.2939685222893148e-16,
5694.5,1.2511441260292532e-16,
5720.1,1.110915220628659e-16,
5745.7,1.0882434814321558e-16,
5771.2,1.1100755265843442e-16,
5796.8,1.0848847052548961e-16,
5822.4,9.983962186904578e-17,
5847.9,1.1596174751989253e-16,
5873.5,1.2225945285225454e-16,
5899.1,1.1570983930659803e-16,
5924.7,1.1201518551161234e-16,
5950.2,1.1134343027616038e-16,
5975.8,1.1235106312933831e-16,
6001.4,1.114273996805919e-16,
6026.9,1.0630526601027078e-16,
6052.5,1.1461823704898865e-16,
6078.1,1.1570983930659803e-16,
6103.7,1.1579380871102954e-16,
6129.2,1.0916022576094156e-16,
6154.8,1.1176327729831784e-16,
6180.4,1.09748011591962e-16,
6205.9,1.0958007278309902e-16,
6231.5,1.0647320481913378e-16,
6257.1,1.0370221447289448e-16,
6282.6,1.0966404218753051e-16,
6308.2,1.0672511303242824e-16,
6333.8,1.0882434814321558e-16,
6359.4,1.098319809963935e-16,
6384.9,1.0622129660583928e-16,
6410.5,1.0151900995767564e-16,
6436.1,1.0832053171662663e-16,
6461.6,1.0932816456980455e-16,
6487.2,1.1201518551161234e-16,
6512.8,1.0697702124572273e-16,
6538.4,9.538924343417661e-17,
6563.9,1.0235870400199058e-16,
6589.5,1.0966404218753051e-16,
6615.1,1.074808376723117e-16,
6640.6,1.254502902206513e-16,
6666.2,1.448472226443263e-16,
6691.8,1.152060228800091e-16,
6717.4,1.0874037873878409e-16,
6742.9,1.0244267340642207e-16,
6768.5,9.757244794939545e-17,
6794.1,9.656481509621753e-17,
6819.6,8.867169107965715e-17,
6845.2,8.314650426806487e-17,
6870.8,7.454803725427994e-17,
6896.3,6.697399697455922e-17,
6921.9,6.265796958678045e-17,
6947.5,5.576408148295484e-17,
6973.1,5.148164185694867e-17,
6998.6,4.693889707720487e-17,
7024.2,4.293355648582263e-17,
7049.8,4.1480885789157793e-17,
7075.3,3.975111605786902e-17,
7100.9,4.1170198992761263e-17,
7126.5,4.3874013815455355e-17,
7152.1,4.127935921852221e-17,
7177.6,3.786180445816042e-17,
7203.2,3.706409511606123e-17,
7228.8,3.703890429473179e-17,
7254.3,3.8877834251781496e-17,
7279.9,3.991905486673201e-17,
7305.5,3.941523844014305e-17,
7331.1,3.8491574991396625e-17,
7356.6,4.311828917557191e-17,
7382.2,4.7115232826511005e-17,
7407.8,4.658622557859259e-17,
7433.3,4.9029735247549054e-17,
7458.9,5.247248082924029e-17,
7484.5,5.181751947467464e-17,
7510.0,4.942439144837708e-17,
7535.6,4.8912178081344966e-17,
7561.2,5.1011413192132304e-17,
7586.8,4.97182843638873e-17,
7612.3,4.7232789992715094e-17,
7637.9,4.502439465616682e-17,
7663.5,4.3504548435956784e-17,
7689.0,4.657782863814945e-17,
7714.6,5.1422863273846616e-17,
7740.2,5.132209998852883e-17,
7765.8,4.8097674858359477e-17,
7791.3,4.841675859519916e-17,
7816.9,5.0457215122884444e-17,
7842.5,5.325339629045318e-17,
7868.0,5.706560725164299e-17,
7893.6,5.592362335137467e-17,
7919.2,5.459690676135708e-17,
7944.7,6.095339067682114e-17,
7970.3,6.416102192610419e-17,
7995.9,5.956789550370149e-17,
8021.5,5.762820226133399e-17,
8047.0,5.826636973501335e-17,
8072.6,5.790530129595792e-17,
8098.2,5.860224735273931e-17,
8123.7,6.08106426892876e-17,
8149.3,6.242285525437227e-17,
8174.9,6.022285685826714e-17,
8200.5,5.56549212571939e-17,
8226.0,4.9189277115968896e-17,
8251.6,4.5259508988575e-17,
8277.2,4.6090806092446787e-17,
8302.7,4.6947294017648017e-17,
8328.3,4.345416679329789e-17,
8353.9,3.839081170607883e-17,
8379.5,4.057401622129766e-17,
8405.0,4.107783264788663e-17,
8430.6,3.576256934737308e-17,
8456.2,3.738317885290091e-17,
8481.7,4.185874810909951e-17,
8507.3,4.0481649876423015e-17,
8532.9,3.980149770052792e-17,
8558.4,4.245493088056311e-17,
8584.0,4.273202991518705e-17,
8609.6,4.443660882514636e-17,
8635.2,5.003736810072698e-17,
8660.7,4.8954162783560713e-17,
8686.3,4.291676260493633e-17,
8711.9,4.2203022667268635e-17,
8737.4,4.509996712015516e-17,
8763.0,4.605721833067419e-17,
8788.6,4.51587457032572e-17,
8814.2,4.3109892235128766e-17,
8839.7,3.6921347128527694e-17,
8865.3,3.870989544291851e-17,
8890.9,4.753507984866847e-17,
8916.4,4.8769430093811425e-17,
8942.0,4.629233266308237e-17,
8967.6,4.635950818662757e-17,
8993.2,4.905492606887851e-17,
9018.7,4.885339949824292e-17,
9044.3,4.406714344564779e-17,
9069.9,3.958317724900604e-17,
9095.4,3.8416002527408284e-17,
9121.0,4.26900452129713e-17,
9146.6,4.758546149132737e-17,
9172.1,4.508317323926886e-17,
9197.7,4.1665618478907076e-17,
9223.3,4.185874810909951e-17,
