wave,flux,flux_err
obswave,flux,
3776.7,4.6569836684922186e-17,
3802.3,-6.940484927076632e-18,
3827.9,7.740215363838605e-17,
3853.4,8.471082674587779e-18,
3879.0,4.868163921598136e-17,
3904.6,6.15911799058474e-17,
3930.1,5.894683586695592e-17,
3955.7,7.928441241606922e-17,
3981.3,6.958848427346712e-17,
4006.8,8.253475196387333e-17,
4032.4,7.846723665405067e-17,
4058.0,5.845102135966376e-17,
4083.6,1.5563066478892568e-17,
4109.1,9.503111389766259e-17,
4134.7,5.644939983022509e-17,
4160.3,5.111480300176692e-17,
4185.8,6.812858600199579e-17,
4211.4,5.587094957171758e-17,
4237.0,6.733895549038236e-17,
4262.6,7.543725910948751e-17,
4288.1,5.3933600293224154e-17,
4313.7,6.86152187591529e-17,
4339.3,8.439864724128642e-17,
4364.8,7.305000407437716e-17,
4390.4,5.37132382899832e-17,
4416.0,6.263789942124196e-17,
4441.6,8.71348087815283e-17,
4467.1,4.6964651940728905e-17,
4492.7,8.057903918510984e-17,
4518.3,7.908241391309834e-17,
4543.8,5.862547461222953e-17,
4569.4,7.443644834476817e-17,
4595.0,9.530656640171378e-17,
4620.5,9.44802088895602e-17,
4646.1,9.806109144222574e-17,
4671.7,8.710726353112318e-17,
4697.3,1.0999736661777756e-16,
4722.8,8.903543105948156e-17,
4748.4,9.144104959486199e-17,
4774.0,7.611670861948047e-17,
4799.5,7.061684028859159e-17,
4825.1,7.732869963730573e-17,
4850.7,6.577805796742559e-17,
4876.3,6.754095399335325e-17,
4901.8,6.889067126320409e-17,
4927.4,8.824580054786812e-17,
4953.0,9.815290894357613e-17,
4978.5,7.724606388609037e-17,
5004.1,9.12574145921612e-17,
5029.7,1.0145833899219048e-16,
5055.3,1.145882416852975e-16,
5080.8,1.006319814800369e-16,
5106.4,1.0274378401109608e-16,
5132.0,7.190228530749717e-17,
5157.5,7.565762111272848e-17,
5183.1,8.212157320779654e-17,
5208.7,9.218477135580023e-17,
5234.2,8.999951482366074e-17,
5259.8,1.0182560899759209e-16,
5285.4,8.973324406974458e-17,
5311.0,9.613292391386738e-17,
5336.5,9.714291642872175e-17,
5362.1,8.34253817269722e-17,
5387.7,9.44802088895602e-17,
5413.2,8.730926203409406e-17,
5438.8,8.858552530286461e-17,
5464.4,8.972406231960954e-17,
5490.0,8.110239894280711e-17,
5515.5,9.530656640171378e-17,
5541.1,1.0246833150704487e-16,
5566.7,1.0852828659617118e-16,
5592.2,9.925471895978092e-17,
5617.8,1.1302734416234072e-16,
5643.4,1.0650830156646243e-16,
5668.9,9.888744895437933e-17,
5694.5,1.003565289759857e-16,
5720.1,8.429764798980098e-17,
5745.7,7.334382007869843e-17,
5771.2,6.110454714869029e-17,
5796.8,5.317151503201585e-17,
5822.4,4.411830939886654e-17,
5847.9,4.1602509861865616e-17,
5873.5,5.379587404119855e-17,
5899.1,7.457417459679378e-17,
5924.7,6.366625543636641e-17,
5950.2,8.152475944901894e-17,
5975.8,8.707053653058303e-17,
6001.4,8.752044228719997e-17,
6026.9,7.551071311056784e-17,
6052.5,7.217773781154836e-17,
6078.1,6.058118739099302e-17,
6103.7,5.459468630294702e-17,
6129.2,5.939674162357287e-17,
6154.8,6.15911799058474e-17,
6180.4,6.547506021296925e-17,
6205.9,6.387743568947233e-17,
6231.5,8.707971828071806e-17,
6257.1,1.1045645412452956e-16,
6282.6,1.2900358939731007e-16,
6308.2,1.5682429230648088e-16,
6333.8,1.89327687784522e-16,
6359.4,1.952958253722979e-16,
6384.9,2.1522022316533442e-16,
6410.5,2.0576302052624333e-16,
6436.1,1.9061313280342757e-16,
6461.6,1.7509597507521018e-16,
6487.2,1.4929525719574818e-16,
6512.8,1.3221720194457402e-16,
6538.4,1.219336417933294e-16,
6563.9,1.1073190662858075e-16,
6589.5,9.778563893817455e-17,
6615.1,8.807134729530236e-17,
6640.6,9.429657388685939e-17,
6666.2,9.227658885715063e-17,
6691.8,7.793469514621836e-17,
6717.4,6.690741323403549e-17,
6742.9,6.45844304498704e-17,
6768.5,5.611885682536364e-17,
6794.1,4.7937917455043126e-17,
6819.6,5.018744623812789e-17,
6845.2,5.049962574271925e-17,
6870.8,4.42009451500819e-17,
6896.3,3.6727000540159457e-17,
6921.9,3.640563928543306e-17,
6947.5,3.770944780460872e-17,
6973.1,4.208914261902273e-17,
6998.6,4.7708373701667127e-17,
7024.2,5.168407151013939e-17,
7049.8,5.2951153028774887e-17,
7075.3,5.695439608765227e-17,
7100.9,6.616369147309725e-17,
7126.5,7.415181409058195e-17,
7152.1,7.230628231343892e-17,
7177.6,7.534544160813712e-17,
7203.2,8.171757620185479e-17,
7228.8,9.072487308432889e-17,
7254.3,9.943835396248173e-17,
7279.9,1.0540649155025764e-16,
7305.5,1.1275189165828952e-16,
7331.1,1.164245917123055e-16,
7356.6,1.3855260953775155e-16,
7382.2,1.4727527216603942e-16,
7407.8,1.5131524222545696e-16,
7433.3,1.468161846592874e-16,
7458.9,1.3561444949453877e-16,
7484.5,1.143127891812463e-16,
7510.0,9.567383640711538e-17,
7535.6,8.315911097305604e-17,
7561.2,6.587905721891102e-17,
7586.8,5.62933100779294e-17,
7612.3,5.1619799259194116e-17,
7637.9,4.3833675144680307e-17,
7663.5,4.647801918357179e-17,
7689.0,5.834084035804329e-17,
7714.6,6.564033171539999e-17,
7740.2,6.289498842502307e-17,
7765.8,6.167381565706276e-17,
7791.3,6.436406844662943e-17,
7816.9,7.543725910948751e-17,
7842.5,9.255204136120182e-17,
7868.0,9.4663843892261e-17,
7893.6,7.897223291147787e-17,
7919.2,7.781533239446284e-17,
7944.7,7.53638051084072e-17,
7970.3,7.04148417856207e-17,
7995.9,5.325415078323121e-17,
8021.5,4.732274019599546e-17,
8047.0,3.994979483755844e-17,
8072.6,4.2052415618482576e-17,
8098.2,4.212586961956289e-17,
8123.7,4.233704987266881e-17,
8149.3,3.2576849479121434e-17,
8174.9,3.059359144995282e-17,
8200.5,3.188821821899344e-17,
8226.0,3.028141194536147e-17,
8251.6,3.2485031977771036e-17,
8277.2,2.8876604174700366e-17,
8302.7,2.6902527895666802e-17,
8328.3,2.978559743806932e-17,
8353.9,3.074049945211346e-17,
8379.5,2.737997890268887e-17,
8405.0,2.893169467551061e-17,
8430.6,3.376129524654158e-17,
8456.2,3.7948173308119756e-17,
8481.7,5.114234825217204e-17,
8507.3,7.018529803224472e-17,
8532.9,8.101058144145672e-17,
8558.4,8.232357171076742e-17,
8584.0,9.088096283662456e-17,
8609.6,1.1651640921365586e-16,
8635.2,1.3111539192836924e-16,
8660.7,1.5159069472950816e-16,
8686.3,1.6536331993206794e-16,
8711.9,1.7628960259276536e-16,
8737.4,1.8694043274941162e-16,
8763.0,2.0374303549653457e-16,
8788.6,1.9345947534528993e-16,
8814.2,1.8023775515083253e-16,
8839.7,1.6848511497798148e-16,
8865.3,1.4699981966198822e-16,
8890.9,1.2156637178792779e-16,
8916.4,1.1082372412993114e-16,
8942.0,1.0118288648813929e-16,
8967.6,8.207566445712133e-17,
8993.2,6.362034668569122e-17,
9018.7,5.637594582914476e-17,
9044.3,4.3989764896975986e-17,
9069.9,3.9123437325404854e-17,
9095.4,3.976615983485765e-17,
9121.0,3.882043957094854e-17,
9146.6,4.106078660389827e-17,
9172.1,4.132705735781442e-17,
9197.7,4.7708373701667127e-17,
9223.3,5.4714049054702545e-17,
