wave,flux,flux_err
obswave,flux,
3776.7,7.569133876870057e-16,
3802.3,9.48968000297411e-16,
3827.9,1.016535468388957e-15,
3853.4,9.254376952616395e-16,
3879.0,8.612880368400939e-16,
3904.6,8.530064211012469e-16,
3930.1,9.207053434108697e-16,
3955.7,9.00987210699329e-16,
3981.3,9.015130275716368e-16,
4006.8,9.540947148024117e-16,
4032.4,1.0538684663228073e-15,
4058.0,9.657941402112592e-16,
4083.6,9.17944804831254e-16,
4109.1,9.546205316747196e-16,
4134.7,9.815686463804915e-16,
4160.3,9.719724884608752e-16,
4185.8,9.835404596516457e-16,
4211.4,9.99446420038955e-16,
4237.0,9.831460969974149e-16,
4262.6,9.916906211724158e-16,
4288.1,9.254376952616395e-16,
4313.7,9.417380183031797e-16,
4339.3,8.790343562804805e-16,
4364.8,8.971750383750978e-16,
4390.4,9.606674257062586e-16,
4416.0,9.757846607851063e-16,
4441.6,1.0085167610862639e-15,
4467.1,1.054262828977038e-15,
4492.7,1.0141692924635722e-15,
4518.3,1.1080276041705055e-15,
4543.8,1.0129862045008796e-15,
4569.4,9.949769766243392e-16,
4595.0,1.0093054863947255e-15,
4620.5,9.698692209716442e-16,
4646.1,9.494938171697188e-16,
4671.7,9.367427580162558e-16,
4697.3,8.994097600824058e-16,
4722.8,8.957290419762514e-16,
4748.4,8.604993115316323e-16,
4774.0,8.762738177008647e-16,
4799.5,8.413069956923994e-16,
4825.1,8.336826510439371e-16,
4850.7,8.351286474427833e-16,
4876.3,8.378891860223991e-16,
4901.8,8.683865646162485e-16,
4927.4,8.810061695516345e-16,
4953.0,8.912595985616357e-16,
4978.5,9.036162950608679e-16,
5004.1,9.087430095658683e-16,
5029.7,9.036162950608679e-16,
5055.3,9.151842662516383e-16,
5080.8,9.13738269852792e-16,
5106.4,9.020388444439445e-16,
5132.0,8.86264338274712e-16,
5157.5,8.773254514454803e-16,
5183.1,8.888934226362508e-16,
5208.7,8.708841947597104e-16,
5234.2,8.752221839562492e-16,
5259.8,8.403868161658609e-16,
5285.4,8.516918789204775e-16,
5311.0,8.080490785189342e-16,
5336.5,8.052885399393185e-16,
5362.1,7.989787374716256e-16,
5387.7,7.588852009581597e-16,
5413.2,7.371952549754649e-16,
5438.8,7.304910898535412e-16,
5464.4,7.222094741146941e-16,
5490.0,7.009138907862302e-16,
5515.5,7.177400307000784e-16,
5541.1,7.043317004562306e-16,
5566.7,7.027542498393074e-16,
5592.2,7.045946088923846e-16,
5617.8,6.633179844162262e-16,
5643.4,6.579283614750717e-16,
5668.9,6.334778769127614e-16,
5694.5,6.107362971854512e-16,
5720.1,5.960134247608342e-16,
5745.7,6.023232272285272e-16,
5771.2,6.437313059227624e-16,
5796.8,6.822473918193052e-16,
5822.4,7.007824365681534e-16,
5847.9,7.201062066254632e-16,
5873.5,7.080124185623849e-16,
5899.1,7.024913414031536e-16,
5924.7,6.719939628093041e-16,
5950.2,6.330835142585306e-16,
5975.8,6.471491155927628e-16,
6001.4,6.359755070562232e-16,
6026.9,6.057410368985275e-16,
6052.5,5.847083620062175e-16,
6078.1,5.870745379316025e-16,
6103.7,5.92201252436603e-16,
6129.2,5.790558306289093e-16,
6154.8,5.513189906146755e-16,
6180.4,5.431688290939054e-16,
6205.9,5.371219350623662e-16,
6231.5,5.27131414488519e-16,
6257.1,5.37647751934674e-16,
6282.6,5.546053460665989e-16,
6308.2,5.644644124223693e-16,
6333.8,5.540795291942912e-16,
6359.4,5.459293676735211e-16,
6384.9,5.356759386635199e-16,
6410.5,5.133287215904406e-16,
6436.1,5.008405708731315e-16,
6461.6,4.992631202562083e-16,
6487.2,5.005776624369777e-16,
6512.8,5.036011094527472e-16,
6538.4,5.087278239577478e-16,
6563.9,5.322581289935196e-16,
6589.5,5.48295543598906e-16,
6615.1,5.632813244596768e-16,
6640.6,5.596006063535226e-16,
6666.2,5.467180929819827e-16,
6691.8,5.401453820781359e-16,
6717.4,5.279201397969806e-16,
6742.9,5.237136048185186e-16,
6768.5,5.149061722073639e-16,
6794.1,4.99788937128516e-16,
6819.6,4.888782370281302e-16,
6845.2,4.816482550338987e-16,
6870.8,4.786248080181291e-16,
6896.3,4.707375549335128e-16,
6921.9,4.589066753065885e-16,
6947.5,4.640333898115891e-16,
6973.1,4.560146825088959e-16,
6998.6,4.2328258220773845e-16,
7024.2,4.082968013469676e-16,
7049.8,3.9988373139004364e-16,
7075.3,3.774050600988873e-16,
7100.9,3.6978071545042497e-16,
7126.5,3.6688872265273236e-16,
7152.1,3.6044746596696236e-16,
7177.6,3.544005719354233e-16,
7203.2,3.3718006936734448e-16,
7228.8,3.232459222511891e-16,
7254.3,3.1719902821965e-16,
7279.9,3.0365924375772544e-16,
7305.5,3.0024143408772507e-16,
7331.1,3.0181888470464825e-16,
7356.6,2.9314290631157043e-16,
7382.2,2.8407256526426173e-16,
7407.8,2.797345760677228e-16,
7433.3,2.7697403748810714e-16,
7458.9,2.7395059047233755e-16,
7484.5,2.7289895672772203e-16,
7510.0,2.6606333738772135e-16,
7535.6,2.49894468564258e-16,
7561.2,2.3832649737348753e-16,
7586.8,2.3241105756002533e-16,
7612.3,2.291247021081019e-16,
7637.9,2.3333123708656393e-16,
7663.5,2.3411996239502554e-16,
7689.0,2.305706985069482e-16,
7714.6,2.272843430550248e-16,
7740.2,2.2688998040079398e-16,
7765.8,2.3319978286848695e-16,
7791.3,2.492371974738733e-16,
7816.9,2.579131758669512e-16,
7842.5,2.617253481911824e-16,
7868.0,2.685609675311831e-16,
7893.6,2.682980590950292e-16,
7919.2,2.6790369644079843e-16,
7944.7,2.7500222421695307e-16,
7970.3,2.827580230834924e-16,
7995.9,2.9130254725849335e-16,
8021.5,2.952461738008014e-16,
8047.0,2.932743605296474e-16,
8072.6,2.9235418100310877e-16,
8098.2,2.951147195827245e-16,
8123.7,2.966921701996478e-16,
8149.3,2.9853252925272486e-16,
8174.9,2.997156172154173e-16,
8200.5,2.972179870719555e-16,
8226.0,2.948518111465706e-16,
8251.6,2.91959818348878e-16,
8277.2,2.8946218820541616e-16,
8302.7,2.906452761681086e-16,
8328.3,2.905138219500317e-16,
8353.9,2.884105544608007e-16,
8379.5,2.9090818460426246e-16,
8405.0,2.9432599427426283e-16,
8430.6,2.8959364242349314e-16,
8456.2,2.807862098123383e-16,
8481.7,2.722416856373374e-16,
8507.3,2.7460786156272224e-16,
8532.9,2.7907730497733813e-16,
8558.4,2.7605385796156855e-16,
8584.0,2.7211023141926047e-16,
8609.6,2.7066423502041416e-16,
8635.2,2.6658915426002906e-16,
8660.7,2.58307538521182e-16,
8686.3,2.558099083777202e-16,
8711.9,2.5804463008502816e-16,
8737.4,2.487113806015656e-16,
8763.0,2.39378131118103e-16,
8788.6,2.4963156012810415e-16,
8814.2,2.480541095111809e-16,
8839.7,2.3306832865041e-16,
8865.3,2.2439235025733215e-16,
8890.9,2.1348165015694636e-16,
8916.4,2.0427985489156073e-16,
8942.0,2.1243001641233086e-16,
8967.6,2.280730683634864e-16,
8993.2,2.272843430550248e-16,
9018.7,2.1979145262463934e-16,
9044.3,2.2307780807656278e-16,
9069.9,2.2688998040079398e-16,
9095.4,2.287303394538711e-16,
9121.0,2.379321347192567e-16,
9146.6,2.4936865169195024e-16,
9172.1,2.495001059100272e-16,
9197.7,2.3267396599617924e-16,
9223.3,2.1703091404502368e-16,
