wave,flux,flux_err
obswave,flux,
3776.7,2.8764248708192134e-16,
3802.3,3.5914352841920933e-16,
3827.9,2.37439628270634e-16,
3853.4,4.04665467994013e-16,
3879.0,2.7699339581892096e-16,
3904.6,3.15376933558087e-16,
3930.1,3.667500221784953e-16,
3955.7,2.5054620213278825e-16,
3981.3,2.9875967026857e-16,
4006.8,4.451554193895967e-16,
4032.4,3.8243110162071555e-16,
4058.0,3.7248414824318776e-16,
4083.6,4.0232500837577112e-16,
4109.1,5.020285881128732e-16,
4134.7,4.484320628551352e-16,
4160.3,4.800282677014e-16,
4185.8,3.568030688009675e-16,
4211.4,4.810814745296088e-16,
4237.0,4.3895320140125577e-16,
4262.6,3.902716413418257e-16,
4288.1,4.4316602871409114e-16,
4313.7,4.26431742443662e-16,
4339.3,2.978234864212733e-16,
4364.8,3.392496216641537e-16,
4390.4,3.041427273905262e-16,
4416.0,3.785693432506165e-16,
4441.6,3.2801541549659296e-16,
4467.1,2.837807287118223e-16,
4492.7,3.391325986832417e-16,
4518.3,3.1923869192818606e-16,
4543.8,3.9015461836091363e-16,
4569.4,4.190592946462002e-16,
4595.0,4.015058475093865e-16,
4620.5,4.806133826059604e-16,
4646.1,4.280700641764313e-16,
4671.7,4.504214535306408e-16,
4697.3,4.984008757045984e-16,
4722.8,4.279530411955192e-16,
4748.4,4.336871672602117e-16,
4774.0,4.806133826059604e-16,
4799.5,3.782182743078803e-16,
4825.1,3.7693102151784727e-16,
4850.7,3.8605881402899044e-16,
4876.3,3.788033892124407e-16,
4901.8,3.827821705634518e-16,
4927.4,4.130911226196836e-16,
4953.0,4.180060878179914e-16,
4978.5,5.33624792959138e-16,
5004.1,5.062414154257086e-16,
5029.7,5.256672302571157e-16,
5055.3,4.907943819453124e-16,
5080.8,5.096350818721592e-16,
5106.4,4.2818708715734337e-16,
5132.0,4.1051661703961755e-16,
5157.5,4.2151677724535415e-16,
5183.1,4.157826511806617e-16,
5208.7,4.205805933980574e-16,
5234.2,3.9764408913928747e-16,
5259.8,4.0770806549772733e-16,
5285.4,4.08527226364112e-16,
5311.0,4.114528008869143e-16,
5336.5,4.1589967416157375e-16,
5362.1,4.4234686784770647e-16,
5387.7,4.628258895073225e-16,
5413.2,4.553364187289487e-16,
5438.8,4.658684870110369e-16,
5464.4,4.686770385529272e-16,
5490.0,5.037839328265546e-16,
5515.5,5.392418960429184e-16,
5541.1,5.621784003016883e-16,
5566.7,5.786786406102933e-16,
5592.2,5.669763425190841e-16,
5617.8,5.33624792959138e-16,
5643.4,5.302311265126873e-16,
5668.9,5.17007529669621e-16,
5694.5,4.796771987586637e-16,
5720.1,4.536980969961794e-16,
5745.7,4.3169777658470614e-16,
5771.2,4.302935008137611e-16,
5796.8,4.652833721064765e-16,
5822.4,5.273055519898851e-16,
5847.9,5.701359630037106e-16,
5873.5,6.084024777619646e-16,
5899.1,6.232643963378002e-16,
5924.7,6.305198211543499e-16,
5950.2,6.488924291575483e-16,
5975.8,6.223282124905035e-16,
6001.4,6.151898106548659e-16,
6026.9,5.782105486866449e-16,
6052.5,5.525825158668968e-16,
6078.1,5.394759420047427e-16,
6103.7,4.987519446473347e-16,
6129.2,4.955923241627083e-16,
6154.8,4.779218540449824e-16,
6180.4,4.758154403885647e-16,
6205.9,4.727728428848503e-16,
6231.5,4.819006353959935e-16,
6257.1,5.015604961892249e-16,
6282.6,4.767516242358615e-16,
6308.2,4.449213734277725e-16,
6333.8,4.354425119738931e-16,
6359.4,4.363786958211898e-16,
6384.9,4.498363386260804e-16,
6410.5,4.309956386992336e-16,
6436.1,4.4129366101949765e-16,
6461.6,4.443362585232121e-16,
6487.2,4.397723622676405e-16,
6512.8,4.856453707851804e-16,
6538.4,4.469107641032781e-16,
6563.9,4.490171777596957e-16,
6589.5,4.691451304765756e-16,
6615.1,4.966455309909171e-16,
6640.6,5.181777594787419e-16,
6666.2,5.343269308446105e-16,
6691.8,5.409972407565998e-16,
6717.4,5.581996189506772e-16,
6742.9,5.495399183631824e-16,
6768.5,5.406461718138635e-16,
6794.1,5.054222545593239e-16,
6819.6,5.009753812846644e-16,
6845.2,5.058903464829723e-16,
6870.8,4.411766380385856e-16,
6896.3,4.34038236202948e-16,
6921.9,4.2385723686359603e-16,
6947.5,4.2596365052001366e-16,
6973.1,4.587300851753993e-16,
6998.6,4.987519446473347e-16,
7024.2,5.149011160132033e-16,
7049.8,5.205182190969837e-16,
7075.3,5.178266905360056e-16,
7100.9,5.041350017692908e-16,
7126.5,4.844751409760595e-16,
7152.1,4.742941416367075e-16,
7177.6,4.764005552931251e-16,
7203.2,4.749962795221801e-16,
7228.8,4.765175782740373e-16,
7254.3,4.929007956017301e-16,
7279.9,4.987519446473347e-16,
7305.5,4.918475887735212e-16,
7331.1,4.864645316515651e-16,
7356.6,4.687940615338392e-16,
7382.2,4.529959591107068e-16,
7407.8,4.515916833397617e-16,
7433.3,4.528789361297947e-16,
7458.9,4.717196360566415e-16,
7484.5,4.652833721064765e-16,
7510.0,4.3895320140125577e-16,
7535.6,4.261976964818378e-16,
7561.2,4.001015717384414e-16,
7586.8,3.6721811410214364e-16,
7612.3,3.4287733407242855e-16,
7637.9,3.3269633473307657e-16,
7663.5,3.388985527214175e-16,
7689.0,3.4252626512969233e-16,
7714.6,3.4287733407242855e-16,
7740.2,3.5270726446904427e-16,
7765.8,3.66398953235759e-16,
7791.3,3.723671252622757e-16,
7816.9,3.764629295941989e-16,
7842.5,3.792714811360891e-16,
7868.0,3.83016216525276e-16,
7893.6,3.831332395061881e-16,
7919.2,3.779842283460561e-16,
7944.7,3.8044171094521004e-16,
7970.3,3.876971357617597e-16,
7995.9,3.883992736472322e-16,
8021.5,3.7599483767055053e-16,
8047.0,3.6990964266312174e-16,
8072.6,3.6850536689217665e-16,
8098.2,3.509519197553629e-16,
8123.7,3.3784534589320867e-16,
8149.3,3.3468572540858218e-16,
8174.9,3.26845185687472e-16,
8200.5,3.2075999068004327e-16,
8226.0,3.118662441307243e-16,
8251.6,3.071853248942406e-16,
8277.2,3.082385317224494e-16,
8302.7,2.9197233737566873e-16,
8328.3,2.6435491388041503e-16,
8353.9,2.4410993818262323e-16,
8379.5,2.2971611153043593e-16,
8405.0,2.1988618113382025e-16,
8430.6,2.2538626123668855e-16,
8456.2,2.4013115683161207e-16,
8481.7,2.511313170373487e-16,
8507.3,2.6611025859409644e-16,
8532.9,2.8799355602465757e-16,
8558.4,3.161960944244717e-16,
8584.0,3.4849443715620895e-16,
8609.6,3.7271819420501196e-16,
8635.2,3.9366530778827635e-16,
8660.7,4.122719617532989e-16,
8686.3,4.2163380022626633e-16,
8711.9,4.355595349548052e-16,
8737.4,4.520597752634101e-16,
8763.0,4.541661889198277e-16,
8788.6,4.3719785668757446e-16,
8814.2,4.057186748222218e-16,
8839.7,3.788033892124407e-16,
8865.3,3.6990964266312174e-16,
8890.9,3.5902650543829726e-16,
8916.4,3.4334542599607695e-16,
8942.0,3.380793918550328e-16,
8967.6,3.3374954156128543e-16,
8993.2,3.269622086683841e-16,
9018.7,3.1420670374896613e-16,
9044.3,2.9875967026857e-16,
9069.9,2.913872224711082e-16,
9095.4,2.931425671847896e-16,
9121.0,3.049618882569109e-16,
9146.6,3.1221731307346058e-16,
9172.1,3.0484486527599877e-16,
9197.7,3.014511988295481e-16,
9223.3,2.9981287709677884e-16,
