wave,flux,flux_err
obswave,flux,
3776.7,4.441258872203984e-16,
3802.3,3.7490381227641324e-16,
3827.9,3.617958023402118e-16,
3853.4,4.724038412400689e-16,
3879.0,4.146696851165749e-16,
3904.6,4.321224848630903e-16,
3930.1,3.473622633093383e-16,
3955.7,3.374944356045574e-16,
3981.3,3.260801572893258e-16,
4006.8,3.768921059184213e-16,
4032.4,2.421299812934289e-16,
4058.0,3.098792461322229e-16,
4083.6,2.668731910606406e-16,
4109.1,3.0781731198495526e-16,
4134.7,2.959611906381663e-16,
4160.3,3.001586994379612e-16,
4185.8,2.930892109330435e-16,
4211.4,2.7357447703926047e-16,
4237.0,2.525869330402863e-16,
4262.6,2.2357257396802013e-16,
4288.1,2.6886148470264877e-16,
4313.7,2.3366132318857967e-16,
4339.3,1.9190715670640991e-16,
4364.8,2.1628216394732383e-16,
4390.4,2.1532483737894957e-16,
4416.0,1.8152384546481214e-16,
4441.6,2.758573327023068e-16,
4467.1,2.2696003720995984e-16,
4492.7,1.7474891898093275e-16,
4518.3,2.0663525775832163e-16,
4543.8,2.4883126727204874e-16,
4569.4,2.2784372327307456e-16,
4595.0,1.7592716706508567e-16,
4620.5,1.935272478221202e-16,
4646.1,1.685631165391298e-16,
4671.7,1.4514543586659014e-16,
4697.3,1.4359898525613943e-16,
4722.8,1.8307029607526288e-16,
4748.4,1.3954875746686367e-16,
4774.0,1.3395207906713725e-16,
4799.5,1.28649962688449e-16,
4825.1,1.1112352243667404e-16,
4850.7,1.201076640783402e-16,
4876.3,1.5000570921372104e-16,
4901.8,1.5943169388694453e-16,
4927.4,1.347621246249924e-16,
4953.0,1.6510201279193057e-16,
4978.5,1.6060994197109748e-16,
5004.1,1.591371318659063e-16,
5029.7,1.7843094424391067e-16,
5055.3,1.5228856487676735e-16,
5080.8,1.3483576513025194e-16,
5106.4,1.2158047418353136e-16,
5132.0,1.331420335092821e-16,
5157.5,1.2909180572000635e-16,
5183.1,1.5000570921372104e-16,
5208.7,1.455872788981475e-16,
5234.2,1.4985842820320192e-16,
5259.8,1.6193547106576952e-16,
5285.4,1.5258312689780558e-16,
5311.0,1.3697133978277913e-16,
5336.5,1.5736975973967689e-16,
5362.1,1.3424664108817544e-16,
5387.7,1.21138631151974e-16,
5413.2,8.461294054323291e-17,
5438.8,1.263671070254027e-16,
5464.4,1.6326100016044157e-16,
5490.0,1.5685427620285996e-16,
5515.5,1.6664846340238128e-16,
5541.1,1.6458652925511362e-16,
5566.7,1.4742829152963647e-16,
5592.2,1.6952044310750406e-16,
5617.8,1.6326100016044157e-16,
5643.4,1.5597059013974527e-16,
5668.9,1.6620662037082395e-16,
5694.5,1.8343849860156066e-16,
5720.1,1.6944680260224451e-16,
5745.7,1.2275872226768431e-16,
5771.2,8.291920892226307e-17,
5796.8,1.0552684403694759e-16,
5822.4,1.0545320353168803e-16,
5847.9,1.2224323873086739e-16,
5873.5,1.6782671148653423e-16,
5899.1,2.6046646710305906e-16,
5924.7,2.1392566777901796e-16,
5950.2,1.690786000759467e-16,
5975.8,1.5685427620285996e-16,
6001.4,1.5479234205559232e-16,
6026.9,1.3888599291952765e-16,
6052.5,1.833648580963011e-16,
6078.1,1.5619151165552394e-16,
6103.7,1.5383501548721806e-16,
6129.2,1.8049287839117833e-16,
6154.8,1.4654460546652176e-16,
6180.4,1.4124248908783353e-16,
6205.9,1.3328931451980118e-16,
6231.5,1.5994717742376146e-16,
6257.1,2.0391055906371797e-16,
6282.6,1.9419001236945622e-16,
6308.2,1.83217577085782e-16,
6333.8,2.0037581481125914e-16,
6359.4,2.2070059426289735e-16,
6384.9,1.9161259468537168e-16,
6410.5,1.8314393658052242e-16,
6436.1,1.8446946567519447e-16,
6461.6,1.5648607367656217e-16,
6487.2,1.438199067719181e-16,
6512.8,1.6495473178141145e-16,
6538.4,1.8491130870675183e-16,
6563.9,1.617881900552504e-16,
6589.5,1.4448267131925412e-16,
6615.1,1.409479270667953e-16,
6640.6,1.4941658517164457e-16,
6666.2,1.5906349136064674e-16,
6691.8,1.3601401321440487e-16,
6717.4,1.2614618550962402e-16,
6742.9,1.1826665144685125e-16,
6768.5,1.2290600327820343e-16,
6794.1,1.1163900597349095e-16,
6819.6,1.0537956302642847e-16,
6845.2,1.1973946155204241e-16,
6870.8,1.0074021119507626e-16,
6896.3,8.549662660634761e-17,
6921.9,1.0758877818421523e-16,
6947.5,1.094297908157042e-16,
6973.1,1.0412767443701596e-16,
6998.6,9.344980117437995e-17,
7024.2,1.1627835780484316e-16,
7049.8,1.396960384773828e-16,
7075.3,1.3277383098298428e-16,
7100.9,1.2423153237287548e-16,
7126.5,1.276189956148152e-16,
7152.1,1.3675041826700046e-16,
7177.6,1.3093281835149533e-16,
7203.2,1.2540978045702843e-16,
7228.8,1.463236839507431e-16,
7254.3,1.380759473616725e-16,
7279.9,1.434517042456203e-16,
7305.5,1.708459722021761e-16,
7331.1,1.7541168352826877e-16,
7356.6,1.7312882786522246e-16,
7382.2,1.7467527847567317e-16,
7407.8,1.86384118811943e-16,
7433.3,2.255608676100282e-16,
7458.9,2.126001386843459e-16,
7484.5,1.6149362803421217e-16,
7510.0,1.3844414988797032e-16,
7535.6,1.5103667628735485e-16,
7561.2,1.5442413952929453e-16,
7586.8,1.3564581068810708e-16,
7612.3,1.3277383098298428e-16,
7637.9,1.3520396765654973e-16,
7663.5,1.2032858559411886e-16,
7689.0,1.0287578584760347e-16,
7714.6,1.0604232757376449e-16,
7740.2,1.1377458062601816e-16,
7765.8,1.316692234040909e-16,
7791.3,1.7342338988626068e-16,
7816.9,1.7666357211768127e-16,
7842.5,1.4757557254015557e-16,
7868.0,1.429362207088034e-16,
7893.6,1.425680181825056e-16,
7919.2,1.3446756260395416e-16,
7944.7,1.3954875746686367e-16,
7970.3,1.5655971418182172e-16,
7995.9,1.5383501548721806e-16,
8021.5,1.466182459717813e-16,
8047.0,1.483856180980107e-16,
8072.6,1.4080064605627617e-16,
8098.2,1.1804572993107256e-16,
8123.7,6.794809420299479e-17,
8149.3,4.316070013262734e-17,
8174.9,7.746981153305572e-17,
8200.5,7.975266719610205e-17,
8226.0,8.490750256427115e-17,
8251.6,9.543809481638804e-17,
8277.2,5.536293185413621e-17,
8302.7,6.372112920109612e-17,
8328.3,1.0515864151064978e-16,
8353.9,6.537067651891024e-17,
8379.5,4.2409566978979835e-17,
8405.0,8.623303165894322e-17,
8430.6,9.26397556165248e-17,
8456.2,8.453930003797335e-17,
8481.7,1.3373115755135854e-16,
8507.3,1.646601697603732e-16,
8532.9,1.7401251392833715e-16,
8558.4,2.1620852344206426e-16,
8584.0,2.399944066409017e-16,
8609.6,2.3955256360934437e-16,
8635.2,2.793920769547656e-16,
8660.7,3.3337056731002216e-16,
8686.3,3.3653710903618313e-16,
8711.9,3.5413718979321765e-16,
8737.4,4.187199129058506e-16,
8763.0,4.3956017589430573e-16,
8788.6,4.068637915590617e-16,
8814.2,3.72768237623886e-16,
8839.7,3.144449574583156e-16,
8865.3,2.7961299847054427e-16,
8890.9,2.9883317034328913e-16,
8916.4,2.6783051762901486e-16,
8942.0,2.106854855475974e-16,
8967.6,1.9323268580108196e-16,
8993.2,1.6274551662362467e-16,
9018.7,1.4801741557171292e-16,
9044.3,1.5685427620285996e-16,
9069.9,1.2806083864637255e-16,
9095.4,1.0847246424732993e-16,
9121.0,1.0361219090019905e-16,
9146.6,9.705818593209832e-17,
9172.1,1.3019641329889973e-16,
9197.7,1.5817980529753205e-16,
9223.3,1.4720737001385778e-16,
