wave,flux,flux_err
obswave,flux,
3776.7,-3.029123094343465e-17,
3802.3,1.969769103593154e-16,
3827.9,2.3169435302647904e-16,
3853.4,1.6960152505378753e-16,
3879.0,1.3708669959511458e-16,
3904.6,2.613772420742353e-16,
3930.1,2.743831722577045e-16,
3955.7,2.6871929943587115e-17,
3981.3,3.358466810279701e-16,
4006.8,3.159182396178157e-16,
4032.4,3.7528401771332827e-16,
4058.0,2.8508159869894527e-16,
4083.6,1.1516541404394478e-16,
4109.1,4.624447272493191e-16,
4134.7,2.0253589664741107e-16,
4160.3,2.5885996526453157e-16,
4185.8,2.1554182683088026e-16,
4211.4,1.307935075708553e-16,
4237.0,1.5586138913415478e-16,
4262.6,7.393451763167274e-17,
4288.1,1.0824290281725957e-16,
4313.7,1.645669714343801e-16,
4339.3,1.7652403628047273e-16,
4364.8,2.0788510986803144e-16,
4390.4,1.3226191904318248e-16,
4416.0,1.6404253876569183e-16,
4441.6,1.714894826610653e-16,
4467.1,2.0914374827288331e-16,
4492.7,1.7253834799844185e-16,
4518.3,1.8848110112656534e-16,
4543.8,1.7767778815158692e-16,
4569.4,1.6907709238509924e-16,
4595.0,2.4407096400752233e-16,
4620.5,1.6551095023801899e-16,
4646.1,2.3232367222890497e-16,
4671.7,1.6624515597418257e-16,
4697.3,1.816634764336178e-16,
4722.8,2.0998284054278456e-16,
4748.4,1.997039602364944e-16,
4774.0,1.6865754625014864e-16,
4799.5,2.3494583557234636e-16,
4825.1,1.3582806119026273e-16,
4850.7,1.490437644412072e-16,
4876.3,1.574346871402196e-16,
4901.8,1.1338234297040464e-16,
4927.4,2.1166102508258704e-16,
4953.0,1.7641914974673507e-16,
4978.5,2.356800413085099e-16,
5004.1,2.571817807247291e-16,
5029.7,2.950458194040225e-16,
5055.3,2.7773954133730944e-16,
5080.8,2.356800413085099e-16,
5106.4,2.4648335428348834e-16,
5132.0,2.32009012627692e-16,
5157.5,2.329529914313309e-16,
5183.1,2.363093605109359e-16,
5208.7,2.5183256750410876e-16,
5234.2,2.23198543793729e-16,
5259.8,1.714894826610653e-16,
5285.4,2.4417585054125996e-16,
5311.0,1.553369564654665e-16,
5336.5,1.9855020836538022e-16,
5362.1,1.9959907370275675e-16,
5387.7,2.228838841925161e-16,
5413.2,3.3133656007725093e-16,
5438.8,2.703974839756736e-16,
5464.4,2.367289066458865e-16,
5490.0,3.5514580323569856e-16,
5515.5,3.129814166731614e-16,
5541.1,3.360564540954454e-16,
5566.7,3.9416359378610604e-16,
5592.2,3.1413516854427557e-16,
5617.8,2.7312453385285263e-16,
5643.4,3.046953805078867e-16,
5668.9,3.1256187053821076e-16,
5694.5,3.0920550145860586e-16,
5720.1,2.792079528096366e-16,
5745.7,2.736489665215409e-16,
5771.2,1.8942507993020428e-16,
5796.8,2.1092681934642345e-16,
5822.4,2.3305787796506853e-16,
5847.9,2.710268031780996e-16,
5873.5,3.04590493974149e-16,
5899.1,3.77486634921819e-16,
5924.7,3.9353427458368016e-16,
5950.2,3.7161298903251036e-16,
5975.8,3.8241630200748873e-16,
6001.4,3.675224142167418e-16,
6026.9,3.6112433565874485e-16,
6052.5,3.19484381764896e-16,
6078.1,3.020732171644453e-16,
6103.7,2.9546536553897304e-16,
6129.2,3.7392049277473874e-16,
6154.8,3.1518403388165215e-16,
6180.4,3.055344727777879e-16,
6205.9,2.9945105382100396e-16,
6231.5,2.99136394219791e-16,
6257.1,3.190648356299454e-16,
6282.6,3.0952016105981877e-16,
6308.2,3.032269690355595e-16,
6333.8,3.0763220345254104e-16,
6359.4,2.8833308124481253e-16,
6384.9,2.813056834843897e-16,
6410.5,2.868646697724854e-16,
6436.1,2.868646697724854e-16,
6461.6,2.9389206753290827e-16,
6487.2,2.9640934434261197e-16,
6512.8,2.7322942038659027e-16,
6538.4,2.720756685154761e-16,
6563.9,2.8392784682783105e-16,
6589.5,2.9043081191956563e-16,
6615.1,2.884379677785502e-16,
6640.6,3.127716436056861e-16,
6666.2,3.0196833063070766e-16,
6691.8,3.0542958624405025e-16,
6717.4,3.210576797709608e-16,
6742.9,2.996608268884793e-16,
6768.5,3.067931111826398e-16,
6794.1,3.1046413986345766e-16,
6819.6,2.843473929627817e-16,
6845.2,2.678802071659699e-16,
6870.8,2.6609713609242977e-16,
6896.3,2.5046904256551927e-16,
6921.9,2.58125759528368e-16,
6947.5,2.4868597149197913e-16,
6973.1,2.5130813483542047e-16,
6998.6,2.831936410916675e-16,
7024.2,2.8508159869894527e-16,
7049.8,2.9158456379067984e-16,
7075.3,3.0270253636687123e-16,
7100.9,2.9850707501736507e-16,
7126.5,2.928432021955317e-16,
7152.1,2.9011615231835267e-16,
7177.6,2.834034141591428e-16,
7203.2,2.8948683311592674e-16,
7228.8,3.0910061492486817e-16,
7254.3,3.1570846655034044e-16,
7279.9,3.1256187053821076e-16,
7305.5,3.058491323790009e-16,
7331.1,2.9410184060038355e-16,
7356.6,2.9410184060038355e-16,
7382.2,2.93052975263007e-16,
7407.8,2.8613046403632184e-16,
7433.3,2.7333430692032796e-16,
7458.9,2.6829975330092055e-16,
7484.5,2.745929453251798e-16,
7510.0,2.6609713609242977e-16,
7535.6,2.5267165977400996e-16,
7561.2,2.406097083941797e-16,
7586.8,2.2424740913110557e-16,
7612.3,2.193177420454358e-16,
7637.9,2.1606625949956852e-16,
7663.5,2.0673135799691725e-16,
7689.0,2.181639901743216e-16,
7714.6,2.2613536673838335e-16,
7740.2,2.2613536673838335e-16,
7765.8,2.315894664927414e-16,
7791.3,2.4281232560267042e-16,
7816.9,2.55713369252402e-16,
7842.5,2.5434984431381246e-16,
7868.0,2.4050482186044205e-16,
7893.6,2.294917358179883e-16,
7919.2,2.2875753008182474e-16,
7944.7,2.3578492784224756e-16,
7970.3,2.392461834555902e-16,
7995.9,2.241425225973679e-16,
8021.5,2.1113659241389878e-16,
8047.0,2.2823309741313645e-16,
8072.6,2.3190412609395437e-16,
8098.2,2.0169680437750982e-16,
8123.7,1.8407586670958386e-16,
8149.3,1.929912220772845e-16,
8174.9,1.9540361235325057e-16,
8200.5,1.8774689539040175e-16,
8226.0,1.9424986048213638e-16,
8251.6,2.0452874078842654e-16,
8277.2,1.9508895275203758e-16,
8302.7,1.7306278066713012e-16,
8328.3,1.9036905873384314e-16,
8353.9,2.085144290704574e-16,
8379.5,1.7190902879601593e-16,
8405.0,1.3918443026986768e-16,
8430.6,1.6058128315234922e-16,
8456.2,1.7232857493096655e-16,
8481.7,1.793559726913894e-16,
8507.3,2.0075282557387093e-16,
8532.9,2.2382786299615497e-16,
8558.4,2.392461834555902e-16,
8584.0,2.595941710006952e-16,
8609.6,2.887526273797632e-16,
8635.2,3.149742608141768e-16,
8660.7,3.3731509250029727e-16,
8686.3,3.3804929823646084e-16,
8711.9,3.291339428687602e-16,
8737.4,3.229456373782386e-16,
8763.0,3.1361073587558733e-16,
8788.6,3.1675733188771696e-16,
8814.2,3.159182396178157e-16,
8839.7,2.740685126564915e-16,
8865.3,2.376728854495254e-16,
8890.9,2.371484527808371e-16,
8916.4,2.3578492784224756e-16,
8942.0,2.3033082808788955e-16,
8967.6,2.325334452963803e-16,
8993.2,2.2057638045028768e-16,
9018.7,1.9739645649426598e-16,
9044.3,1.805097245625036e-16,
9069.9,1.8155858989988013e-16,
9095.4,1.9477429315082464e-16,
9121.0,1.8743223578918881e-16,
9146.6,1.6981129812126285e-16,
9172.1,1.8103415723119187e-16,
9197.7,1.9980884677023205e-16,
9223.3,2.0442385425468885e-16,
