wave,flux,flux_err
obswave,flux,
3776.7,1.6768026131871193e-16,
3802.3,1.379392197846547e-16,
3827.9,1.815414707214626e-16,
3853.4,2.569033859208837e-16,
3879.0,1.7723507556720994e-16,
3904.6,1.5974034525305864e-16,
3930.1,1.0492800943033684e-16,
3955.7,1.921728837585238e-16,
3981.3,1.7535102768722444e-16,
4006.8,2.4842517046094884e-16,
4032.4,2.3954323045530276e-16,
4058.0,2.2783521862967844e-16,
4083.6,1.8611701557285602e-16,
4109.1,2.1074421286123827e-16,
4134.7,2.5394273925233503e-16,
4160.3,2.2998841620680474e-16,
4185.8,1.9917077588418432e-16,
4211.4,2.3214161378393104e-16,
4237.0,2.0280429679558498e-16,
4262.6,1.6552706374158563e-16,
4288.1,2.1208996134694222e-16,
4313.7,1.8315636890430735e-16,
4339.3,1.195428379850817e-16,
4364.8,1.6014406979876982e-16,
4390.4,1.6525791404444483e-16,
4416.0,1.2401072295761884e-16,
4441.6,1.5637597403879877e-16,
4467.1,1.766967761729284e-16,
4492.7,1.7925369829576588e-16,
4518.3,1.5476107585595402e-16,
4543.8,1.951335304270725e-16,
4569.4,2.0657239255555606e-16,
4595.0,1.924420334556646e-16,
4620.5,1.839638179957297e-16,
4646.1,1.9351863224422776e-16,
4671.7,2.1760753013832841e-16,
4697.3,2.0401547043271854e-16,
4722.8,1.9001968618139749e-16,
4748.4,2.0118939861274025e-16,
4774.0,1.7413985405009088e-16,
4799.5,1.7494730314151326e-16,
4825.1,1.5637597403879877e-16,
4850.7,1.5328075252167968e-16,
4876.3,1.7938827314433627e-16,
4901.8,1.7252495586724613e-16,
4927.4,1.947298058813613e-16,
4953.0,1.8705903951284879e-16,
4978.5,2.1868412892689156e-16,
5004.1,2.4008152984958436e-16,
5029.7,2.4290760166956265e-16,
5055.3,2.359097095439021e-16,
5080.8,2.2527829650684093e-16,
5106.4,1.9230745860709418e-16,
5132.0,2.0132397346131064e-16,
5157.5,1.9136543466710144e-16,
5183.1,1.838292431471593e-16,
5208.7,2.13031985286935e-16,
5234.2,1.9970907527846592e-16,
5259.8,2.1128251225551987e-16,
5285.4,1.951335304270725e-16,
5311.0,1.7319783011009812e-16,
5336.5,1.9311490769851655e-16,
5362.1,1.9298033284994616e-16,
5387.7,2.0428462012985932e-16,
5413.2,2.1760753013832841e-16,
5438.8,2.1141708710409026e-16,
5464.4,2.3954323045530276e-16,
5490.0,2.4573367348954094e-16,
5515.5,2.6605447562367056e-16,
5541.1,3.0709980443764097e-16,
5566.7,3.0763810383192257e-16,
5592.2,2.811268586635547e-16,
5617.8,2.4304217651813304e-16,
5643.4,2.7507099047788703e-16,
5668.9,2.617480804694179e-16,
5694.5,2.5555763743517973e-16,
5720.1,2.2743149408396723e-16,
5745.7,1.9594097951849484e-16,
5771.2,1.814068958728922e-16,
5796.8,1.941915064870797e-16,
5822.4,2.1841497922975076e-16,
5847.9,2.589220086494396e-16,
5873.5,2.719757689607679e-16,
5899.1,2.7345609229504223e-16,
5924.7,2.871827268492225e-16,
5950.2,2.9915988837198765e-16,
5975.8,3.0440830746623306e-16,
6001.4,2.94853493217735e-16,
6026.9,2.796465353292804e-16,
6052.5,2.8745187654636333e-16,
6078.1,2.700917210807824e-16,
6103.7,2.356405598467613e-16,
6129.2,2.414272783352883e-16,
6154.8,2.251437216582705e-16,
6180.4,2.3402566166391657e-16,
6205.9,2.2985384135823436e-16,
6231.5,2.536735895551942e-16,
6257.1,2.84625804726385e-16,
6282.6,2.753401401750278e-16,
6308.2,2.5838370925515807e-16,
6333.8,2.645741522893962e-16,
6359.4,2.717066192636271e-16,
6384.9,2.7318694259790145e-16,
6410.5,2.620172301665587e-16,
6436.1,2.6228637986369946e-16,
6461.6,2.6497787683510736e-16,
6487.2,2.625555295608403e-16,
6512.8,2.5838370925515807e-16,
6538.4,2.5623051167803177e-16,
6563.9,2.4842517046094884e-16,
6589.5,2.5596136198089094e-16,
6615.1,2.726486432036199e-16,
6640.6,2.8126143351212515e-16,
6666.2,2.8637527775780013e-16,
6691.8,2.6995714623221195e-16,
6717.4,2.598640325894324e-16,
6742.9,2.5784540986087647e-16,
6768.5,2.516549668266383e-16,
6794.1,2.3860120651531e-16,
6819.6,2.2864266772110077e-16,
6845.2,2.250091468097001e-16,
6870.8,2.1208996134694222e-16,
6896.3,1.9271118315280536e-16,
6921.9,1.9096171012139023e-16,
6947.5,2.1330113498407576e-16,
6973.1,2.3402566166391657e-16,
6998.6,2.4384962560955536e-16,
7024.2,2.645741522893962e-16,
7049.8,2.857024035149482e-16,
7075.3,2.902779483663416e-16,
7100.9,2.749364156293166e-16,
7126.5,2.6901512229221924e-16,
7152.1,2.5501933804089813e-16,
7177.6,2.585182841037284e-16,
7203.2,2.7385981684075344e-16,
7228.8,2.7628216411502056e-16,
7254.3,2.803194095721324e-16,
7279.9,2.811268586635547e-16,
7305.5,2.827417568463995e-16,
7331.1,2.8328005624068107e-16,
7356.6,2.827417568463995e-16,
7382.2,2.703608707779232e-16,
7407.8,2.6336297865226266e-16,
7433.3,2.851641041206666e-16,
7458.9,2.975449901891429e-16,
7484.5,2.7843536169214687e-16,
7510.0,2.617480804694179e-16,
7535.6,2.4842517046094884e-16,
7561.2,2.317378892382199e-16,
7586.8,2.211064762011587e-16,
7612.3,2.0589951831270407e-16,
7637.9,1.9284575800137578e-16,
7663.5,1.9943992558132512e-16,
7689.0,2.0549579376699288e-16,
7714.6,2.0563036861556327e-16,
7740.2,2.128974104383646e-16,
7765.8,2.228559492325738e-16,
7791.3,2.2675861984111524e-16,
7816.9,2.3227618863250143e-16,
7842.5,2.4021610469815475e-16,
7868.0,2.4223472742671066e-16,
7893.6,2.3725545802960607e-16,
7919.2,2.279697934782488e-16,
7944.7,2.1733838044118761e-16,
7970.3,2.1895327862403236e-16,
7995.9,2.1949157801831394e-16,
8021.5,1.9674842860991722e-16,
8047.0,1.9257660830423498e-16,
8072.6,1.995745004298955e-16,
8098.2,1.8773191375570075e-16,
8123.7,1.8100317132718102e-16,
8149.3,1.757547522329356e-16,
8174.9,1.6189354283018496e-16,
8200.5,1.5745257282736195e-16,
8226.0,1.6175896798161457e-16,
8251.6,1.6485418949873364e-16,
8277.2,1.633738661644593e-16,
8302.7,1.6162439313304416e-16,
8328.3,1.6458503980159284e-16,
8353.9,1.6041321949591062e-16,
8379.5,1.456099861531672e-16,
8405.0,1.3834294433036586e-16,
8430.6,1.450716867588856e-16,
8456.2,1.6418131525588165e-16,
8481.7,1.9082713527281984e-16,
8507.3,2.0926388952696393e-16,
8532.9,2.2231764983829225e-16,
8558.4,2.4842517046094884e-16,
8584.0,2.7910823593499885e-16,
8609.6,2.974104153405725e-16,
8635.2,3.145014211090127e-16,
8660.7,3.3939776809453573e-16,
8686.3,3.4639566022019623e-16,
8711.9,3.4087809142881004e-16,
8737.4,3.4801055840304094e-16,
8763.0,3.519132290115824e-16,
8788.6,3.4639566022019623e-16,
8814.2,3.21768462931814e-16,
8839.7,2.8745187654636333e-16,
8865.3,2.624209547122699e-16,
8890.9,2.4761772136952646e-16,
8916.4,2.5259699076663105e-16,
8942.0,2.563650865266021e-16,
8967.6,2.351022604524797e-16,
8993.2,2.155889074097725e-16,
9018.7,2.1087878770980868e-16,
9044.3,1.9405693163850931e-16,
9069.9,1.761584767786468e-16,
9095.4,1.7858082405291392e-16,
9121.0,1.81676045570033e-16,
9146.6,1.7562017738436522e-16,
9172.1,1.7750422526435074e-16,
9197.7,1.8732818920998956e-16,
9223.3,1.9863247648990274e-16,
