wave,flux,flux_err
obswave,flux,
3776.7,1.931321580691108e-16,
3802.3,3.5513755404812157e-16,
3827.9,2.789918843713331e-16,
3853.4,-2.0629313801324707e-17,
3879.0,-4.026633149575025e-17,
3904.6,1.0560119621842674e-16,
3930.1,6.549154305534477e-18,
3955.7,-5.0429532674833256e-17,
3981.3,1.1207723396871602e-16,
4006.8,1.9898148248872692e-16,
4032.4,1.841492669961289e-16,
4058.0,1.0350170656067166e-16,
4083.6,4.931189390179947e-17,
4109.1,1.2690944946131403e-16,
4134.7,2.4128463230916493e-16,
4160.3,1.8895406919795644e-16,
4185.8,1.8383591033079235e-16,
4211.4,2.4368703341007867e-16,
4237.0,2.1099348799329574e-16,
4262.6,1.6096087376122216e-16,
4288.1,1.5260469601891343e-16,
4313.7,1.8435817143968664e-16,
4339.3,1.839403625525712e-16,
4364.8,1.5250024379713456e-16,
4390.4,1.7589754147559902e-16,
4416.0,1.5563381045050033e-16,
4441.6,1.682725292857423e-16,
4467.1,2.1569383797334438e-16,
4492.7,1.5636497600295234e-16,
4518.3,2.1381369798132493e-16,
4543.8,2.1318698465065178e-16,
4569.4,1.7809103813295508e-16,
4595.0,1.8300029255656146e-16,
4620.5,1.911475658553125e-16,
4646.1,2.0859108689238196e-16,
4671.7,1.8153796145165743e-16,
4697.3,1.7746432480228191e-16,
4722.8,1.7171945260444467e-16,
4748.4,1.9532565472646685e-16,
4774.0,1.582451159949718e-16,
4799.5,1.6733245928973257e-16,
4825.1,1.841492669961289e-16,
4850.7,1.7944891701608024e-16,
4876.3,1.8352255366545576e-16,
4901.8,1.8477598032680207e-16,
4927.4,1.8404481477435006e-16,
4953.0,1.8404481477435006e-16,
4978.5,1.7715096813694533e-16,
5004.1,2.16007194638681e-16,
5029.7,1.7391294926180071e-16,
5055.3,1.7589754147559902e-16,
5080.8,1.987725780451692e-16,
5106.4,1.664968415155017e-16,
5132.0,1.7015266927776178e-16,
5157.5,1.6837698150752117e-16,
5183.1,1.5970744709987585e-16,
5208.7,1.5605161933761578e-16,
5234.2,1.5960299487809698e-16,
5259.8,1.4790434603886473e-16,
5285.4,1.4665091937751842e-16,
5311.0,1.4487523160727784e-16,
5336.5,1.4142830828857546e-16,
5362.1,1.3745912386097883e-16,
5387.7,1.238803350297271e-16,
5413.2,1.097792850895811e-16,
5438.8,1.312964427760261e-16,
5464.4,1.2304471725549622e-16,
5490.0,1.2534266613463113e-16,
5515.5,1.2607383168708317e-16,
5541.1,1.0411797466916692e-16,
5566.7,1.4790434603886473e-16,
5592.2,1.5344031379314428e-16,
5617.8,1.231491694772751e-16,
5643.4,1.1970224615857274e-16,
5668.9,1.2805842390088147e-16,
5694.5,1.0327191167275818e-16,
5720.1,1.2492485724751568e-16,
5745.7,1.1583751395275496e-16,
5771.2,1.0581010066198446e-16,
5796.8,1.0769024065400391e-16,
5822.4,1.2273136059015964e-16,
5847.9,1.2273136059015964e-16,
5873.5,1.423683782845852e-16,
5899.1,1.2628273613064086e-16,
5924.7,1.0549674399664787e-16,
5950.2,1.0789914509756164e-16,
5975.8,1.0685462287977305e-16,
6001.4,1.0375239189294093e-16,
6026.9,9.148970105610285e-17,
6052.5,9.558422814983413e-17,
6078.1,1.1071935508559085e-16,
6103.7,1.103015461984754e-16,
6129.2,1.010261889045127e-16,
6154.8,1.1917998504967844e-16,
6180.4,9.954296735525288e-17,
6205.9,1.051833873313113e-16,
6231.5,1.200156028239093e-16,
6257.1,1.1897108060612073e-16,
6282.6,1.2920739834044892e-16,
6308.2,1.1876217616256299e-16,
6333.8,9.512463837400715e-17,
6359.4,9.232531883033372e-17,
6384.9,1.0084862012748864e-16,
6410.5,9.183439338797307e-17,
6436.1,9.36100811582137e-17,
6461.6,9.958474824396444e-17,
6487.2,1.0581010066198446e-16,
6512.8,8.567171230302038e-17,
6538.4,7.030679047935018e-17,
6563.9,8.214122720689494e-17,
6589.5,8.652822052160703e-17,
6615.1,9.653474336802174e-17,
6640.6,9.814330758341617e-17,
6666.2,9.538576892845428e-17,
6691.8,8.735339307366002e-17,
6717.4,7.860029688859161e-17,
6742.9,8.05431082136784e-17,
6768.5,8.324842075775085e-17,
6794.1,7.070370892210984e-17,
6819.6,7.104840125398008e-17,
6845.2,8.035509421447644e-17,
6870.8,7.122597003100414e-17,
6896.3,6.541842650009957e-17,
6921.9,7.091261336566757e-17,
6947.5,6.363229350768108e-17,
6973.1,4.702439024484245e-17,
6998.6,4.086170915988975e-17,
7024.2,4.3441679037827577e-17,
7049.8,4.382815225840935e-17,
7075.3,4.754665135373674e-17,
7100.9,5.831567541913714e-17,
7126.5,5.143227400391031e-17,
7152.1,4.734819213235691e-17,
7177.6,5.040864223047749e-17,
7203.2,5.134871222648723e-17,
7228.8,6.448880172626773e-17,
7254.3,6.899069248493655e-17,
7279.9,5.781430475459861e-17,
7305.5,5.807543530904576e-17,
7331.1,5.748005764490626e-17,
7356.6,6.083297396400764e-17,
7382.2,6.133434462854617e-17,
7407.8,5.6863789536411e-17,
7433.3,6.359051261896953e-17,
7458.9,6.909514470671541e-17,
7484.5,6.501106283516202e-17,
7510.0,5.812766141993518e-17,
7535.6,5.696824175818985e-17,
7561.2,5.389734643789139e-17,
7586.8,5.055487534096789e-17,
7612.3,5.53701227649733e-17,
7637.9,6.091653574143074e-17,
7663.5,6.081208351965187e-17,
7689.0,6.462458961458024e-17,
7714.6,7.012922170232612e-17,
7740.2,6.060317907609416e-17,
7765.8,4.97297027889149e-17,
7791.3,5.508810176617038e-17,
7816.9,5.55999176528868e-17,
7842.5,5.064888234056886e-17,
7868.0,5.4189812658872194e-17,
7893.6,5.113980778292951e-17,
7919.2,4.414150892374593e-17,
7944.7,4.463243436610657e-17,
7970.3,4.7045280689198216e-17,
7995.9,4.612610113754426e-17,
8021.5,5.1233814782530474e-17,
8047.0,5.3385530551174977e-17,
8072.6,4.5363599918558584e-17,
8098.2,4.714973291097708e-17,
8123.7,5.1275595671242024e-17,
8149.3,4.420418025681325e-17,
8174.9,3.8480198503331755e-17,
8200.5,3.502282996245152e-17,
8226.0,3.265176452807141e-17,
8251.6,3.306957341518685e-17,
8277.2,3.4145431299509096e-17,
8302.7,3.9848522608634816e-17,
8328.3,4.0339448050995455e-17,
8353.9,3.29546759712301e-17,
8379.5,3.346649185794651e-17,
8405.0,3.476169940800437e-17,
8430.6,3.196237986433094e-17,
8456.2,3.716410050891813e-17,
8481.7,4.404750192414496e-17,
8507.3,4.336856248258237e-17,
8532.9,3.945160416587515e-17,
8558.4,4.438174903383731e-17,
8584.0,5.082645111759292e-17,
8609.6,4.871651623765997e-17,
8635.2,4.022455060703871e-17,
8660.7,3.6756736843980585e-17,
8686.3,4.2115135821236067e-17,
8711.9,4.381770703623147e-17,
8737.4,4.1446641601851366e-17,
8763.0,4.1519758157096564e-17,
8788.6,4.5050243253222005e-17,
8814.2,5.915129319336801e-17,
8839.7,6.032115807729123e-17,
8865.3,4.517558591935664e-17,
8890.9,3.966050860943287e-17,
8916.4,3.652694195606709e-17,
8942.0,3.434389052088893e-17,
8967.6,4.229270459826012e-17,
8993.2,4.055879771673106e-17,
9018.7,2.9027272432344995e-17,
9044.3,2.7042680218546665e-17,
9069.9,2.796185977020063e-17,
9095.4,2.6478638220940825e-17,
9121.0,2.723069421774861e-17,
9146.6,3.408275996644178e-17,
9172.1,3.2693545416782953e-17,
9197.7,1.9637017694425544e-17,
9223.3,2.6687542664498546e-17,
