wave,flux,flux_err
obswave,flux,
3776.7,4.0572796867037757e-16,
3802.3,-1.432761437048527e-16,
3827.9,3.602908582824961e-18,
3853.4,4.12250570891509e-16,
3879.0,1.2381888962147763e-16,
3904.6,2.3028102417994456e-16,
3930.1,2.596880104650455e-16,
3955.7,5.808432554207531e-16,
3981.3,-9.678878380678899e-17,
4006.8,8.603201777092312e-17,
4032.4,1.4924598302588822e-17,
4058.0,1.4869322012579232e-16,
4083.6,7.732047446541201e-17,
4109.1,1.9457254083375055e-16,
4134.7,2.691955323466947e-16,
4160.3,1.798690476912001e-16,
4185.8,1.3962790856421985e-16,
4211.4,1.972258027542108e-16,
4237.0,3.556476499216906e-16,
4262.6,3.401702887190059e-16,
4288.1,3.6648180276356993e-16,
4313.7,2.1469311039724067e-16,
4339.3,4.168937792523144e-16,
4364.8,2.5194932986370313e-16,
4390.4,3.8947673940755863e-17,
4416.0,1.9302480471348207e-16,
4441.6,1.4493443240514033e-16,
4467.1,2.177885826377776e-16,
4492.7,1.764419177106056e-16,
4518.3,1.8042181059129597e-16,
4543.8,1.8484391379206305e-16,
4569.4,3.707933533843178e-16,
4595.0,1.210550751209982e-16,
4620.5,1.3564801568352952e-16,
4646.1,1.7898462705104667e-16,
4671.7,1.713564990297235e-16,
4697.3,2.6587895494611935e-16,
4722.8,1.446027746650828e-16,
4748.4,9.106216016179563e-17,
4774.0,1.0161993155362699e-16,
4799.5,3.2546679557645545e-17,
4825.1,1.4858266754577314e-16,
4850.7,5.513257165556329e-17,
4876.3,1.6218063488813185e-16,
4901.8,1.1718573482032703e-16,
4927.4,1.145324728998668e-16,
4953.0,1.3410027956326104e-16,
4978.5,1.7345699805008786e-16,
5004.1,7.403706283884246e-17,
5029.7,2.1867300327793103e-16,
5055.3,1.9943685435459433e-16,
5080.8,1.4548719530523623e-16,
5106.4,1.751152867503755e-16,
5132.0,1.030681703518782e-16,
5157.5,1.0587620588436529e-16,
5183.1,1.5786908426738397e-16,
5208.7,1.446027746650828e-16,
5234.2,2.182307929578543e-16,
5259.8,2.691955323466947e-16,
5285.4,2.1977852907812279e-16,
5311.0,9.545109758855695e-17,
5336.5,1.97999670814345e-16,
5362.1,9.276466989409096e-17,
5387.7,1.7378865579014537e-16,
5413.2,1.6461279164855372e-16,
5438.8,1.4570830046527454e-16,
5464.4,1.8506501895210136e-16,
5490.0,9.969631666129331e-18,
5515.5,1.244822051015927e-16,
5541.1,1.395173559842007e-16,
5566.7,1.946830934137697e-16,
5592.2,1.7865296931098915e-16,
5617.8,1.0498072998620995e-16,
5643.4,7.256671352458742e-17,
5668.9,2.8931610191018473e-17,
5694.5,1.957886192139615e-16,
5720.1,2.0927603397630102e-16,
5745.7,5.579588713567835e-17,
5771.2,4.7548664666247795e-17,
5796.8,8.052649928596814e-17,
5822.4,6.496069601926809e-17,
5847.9,7.855866336162679e-17,
5873.5,2.2099460745833372e-16,
5899.1,1.689243422693016e-16,
5924.7,4.130244389516432e-17,
5950.2,-1.003154111094007e-16,
5975.8,4.8234090662366683e-17,
6001.4,5.820593338009641e-17,
6026.9,2.8378847290922595e-17,
6052.5,1.7025097322953171e-16,
6078.1,1.7599970739052891e-16,
6103.7,6.464009353721247e-17,
6129.2,7.753052436744845e-17,
6154.8,2.82572394529015e-17,
6180.4,2.060700091557449e-17,
6205.9,8.503704455075053e-17,
6231.5,1.0253751796778616e-16,
6257.1,1.0484806689018695e-16,
6282.6,1.3244199086297338e-16,
6308.2,1.2868320314232138e-16,
6333.8,1.4769824690561972e-16,
6359.4,1.868338602324082e-16,
6384.9,2.4067296670174715e-16,
6410.5,2.1104487525660786e-16,
6436.1,2.271855519394076e-16,
6461.6,2.2420063227888984e-16,
6487.2,1.905926479530602e-16,
6512.8,1.985524337144409e-16,
6538.4,1.746730764302988e-16,
6563.9,1.558791378270388e-16,
6589.5,1.1243197387950246e-16,
6615.1,1.181807080404996e-16,
6640.6,1.1353749967969422e-16,
6666.2,1.2879375572234056e-16,
6691.8,1.0636263723644967e-16,
6717.4,7.6248114439226e-17,
6742.9,6.386622547707823e-17,
6768.5,5.668030777583177e-17,
6794.1,5.0655192164786645e-17,
6819.6,4.306022991746923e-17,
6845.2,8.009534422389333e-17,
6870.8,8.155463828014646e-17,
6896.3,4.436475036169551e-17,
6921.9,3.955571313086133e-17,
6947.5,6.355667825302454e-17,
6973.1,5.708935232190272e-17,
6998.6,5.372855388931975e-17,
7024.2,8.13224778621062e-17,
7049.8,7.875765800566131e-17,
7075.3,4.249641175937143e-17,
7100.9,6.720491339365736e-17,
7126.5,7.410339438685397e-17,
7152.1,7.803906623553666e-17,
7177.6,1.0208425238970753e-16,
7203.2,1.117686583993874e-16,
7228.8,1.1342694709967504e-16,
7254.3,1.0730233416661267e-16,
7279.9,9.609230255266818e-17,
7305.5,1.0678273704052252e-16,
7331.1,1.3918569824414315e-16,
7356.6,1.3222088570293504e-16,
7382.2,1.3266309602301174e-16,
7407.8,1.5101482430619502e-16,
7433.3,1.8804993861261914e-16,
7458.9,1.5112537688621422e-16,
7484.5,1.126530790395408e-16,
7510.0,1.1939678642071057e-16,
7535.6,9.022196055364989e-17,
7561.2,6.650843213953655e-17,
7586.8,6.110241097659882e-17,
7612.3,4.088234409109145e-17,
7637.9,4.4596910779735777e-17,
7663.5,6.074864272053745e-17,
7689.0,6.592250346543491e-17,
7714.6,1.1983899674078727e-16,
7740.2,1.347635950433761e-16,
7765.8,1.0502495101821763e-16,
7791.3,1.1608020902013528e-16,
7816.9,1.174068399803654e-16,
7842.5,9.694355741881583e-17,
7868.0,1.0244907590377081e-16,
7893.6,7.442399686890959e-17,
7919.2,3.072256198732913e-17,
7944.7,4.992554513666008e-17,
7970.3,6.794561567978585e-17,
7995.9,4.576876812793905e-17,
8021.5,3.224818759159377e-17,
8047.0,1.807534683313535e-17,
8072.6,2.5736640628464278e-17,
8098.2,4.5602939257910286e-17,
8123.7,3.948938158284983e-17,
8149.3,4.000897870893996e-17,
8174.9,7.91888130677361e-17,
8200.5,1.0330033076991847e-16,
8226.0,1.0609731104440364e-16,
8251.6,9.948626675925688e-17,
8277.2,7.858077387763063e-17,
8302.7,6.462903827921056e-17,
8328.3,6.12682398466276e-17,
8353.9,7.205817165649921e-17,
8379.5,8.926015310748306e-17,
8405.0,7.376068138879453e-17,
8430.6,6.383305970307248e-17,
8456.2,4.605620483598891e-17,
8481.7,3.1971806141545825e-17,
8507.3,6.189838955273689e-17,
8532.9,9.326215650417726e-17,
8558.4,1.2658270412195705e-16,
8584.0,1.4681382626546632e-16,
8609.6,1.1906512868065303e-16,
8635.2,1.2503496800168857e-16,
8660.7,1.530047707465402e-16,
8686.3,1.7257257740993446e-16,
8711.9,2.341503644806157e-16,
8737.4,2.6720558590634947e-16,
8763.0,2.435473337822457e-16,
8788.6,2.928537844707984e-16,
8814.2,3.9566768388863254e-16,
8839.7,3.417180248392744e-16,
8865.3,1.9401977793365465e-16,
8890.9,1.239294422014968e-16,
8916.4,1.3067314958266656e-16,
8942.0,1.249244154216694e-16,
8967.6,7.357274200276193e-17,
8993.2,5.75757836739871e-17,
9018.7,6.381094918706865e-17,
9044.3,5.40049353393677e-17,
9069.9,5.0986849904844175e-17,
9095.4,4.1435106991187336e-17,
9121.0,2.0684387721587913e-17,
9146.6,3.752154565850849e-17,
9172.1,6.268331287087305e-17,
9197.7,4.1003951929112546e-17,
9223.3,4.405520313764182e-17,
