wave,flux,flux_err
obswave,flux,
3652.230588506145,1.4634438176145016e-17,
3655.0830595064635,2.2651618509061766e-16,
3657.937280343759,-3.920766748068189e-17,
3660.7932481981043,-1.0276761636212539e-16,
3663.650960252233,7.427707765698442e-17,
3666.5104136915406,8.305127853464712e-17,
3669.37160570408,1.237939020639188e-16,
3672.2345334805677,-6.47804418850053e-17,
3675.0991942143773,1.2272884671205887e-16,
3677.9655851015423,5.328029277519804e-17,
3680.8337033407597,-1.2374917665500682e-16,
3683.7035461333826,1.570708353812865e-16,
3686.575110683425,-5.92231042892007e-17,
3689.448394197563,9.532077832886261e-17,
3692.323393885131,-1.7895783406151308e-17,
3695.200106958123,-1.4810236240731316e-16,
3698.0785306311955,-7.266508949184289e-17,
3700.958662121662,1.672712452162175e-16,
3703.840498649498,6.057781206240101e-17,
3706.7240374373387,2.1513693092708276e-16,
3709.609275710479,2.1646858956441014e-16,
3712.4962106968733,1.2242319038782975e-16,
3715.3848396271387,8.386385222295154e-17,
3718.275159734547,-1.93811135088134e-17,
3721.167168255036,2.991801964450606e-17,
3724.0608624272018,-7.108018180820758e-17,
3726.9562394922978,1.0124375507111418e-16,
3729.8532966942394,5.656712949449558e-17,
3732.7520312796023,8.155087069875797e-17,
3735.6524404976226,4.850363396303398e-17,
3738.5545216001947,-1.427980580342093e-16,
3741.458271841876,1.8312545773772793e-16,
3744.36368847988,6.454975690002707e-17,
3747.270768774084,8.301437157131916e-18,
3750.1795099870214,1.1088423407701604e-16,
3753.08990938389,-1.8116552367850582e-17,
3756.001964232545,1.4769138124194217e-16,
3758.915671803503,-5.894932752779211e-18,
3761.831029369938,8.256139091802521e-17,
3764.748034207687,7.598891094282626e-17,
3767.6666835952456,6.40922099390758e-17,
3770.58697481377,8.121413673158442e-17,
3773.5089051470777,3.1838518129099327e-17,
3776.4324718816415,2.412971589481903e-16,
3779.357672306599,8.365642134539846e-17,
3782.2845037137486,-4.734444842206397e-17,
3785.2129633975437,1.069630897732272e-16,
3788.1430486551008,7.55092512560025e-17,
3791.074756786197,-3.778346480511494e-17,
3794.008085093268,1.863645320767879e-16,
3796.9430308814117,6.877620620896835e-17,
3799.8795914583825,1.1839747211613232e-16,
3802.8177641345983,5.1645253568962785e-17,
3805.7575462231343,-7.811923946611436e-18,
3808.698935039729,1.4767340648696102e-16,
3811.6419279027778,6.513540067892765e-17,
3814.586522133337,2.4708018804135947e-16,
3817.532715055123,1.1000405517412423e-18,
3820.480503994514,1.9905803858761831e-16,
3823.4298862805454,1.570576702631219e-16,
3826.380859244915,6.154459285652001e-17,
3829.3334202219803,1.0906158395791817e-16,
3832.2875665487563,5.96400797573051e-17,
3835.243295564921,1.3842694832587852e-16,
3838.200604612811,1.286448542095051e-16,
3841.1594910374233,5.1010073621421325e-17,
3844.1199521864164,9.92399764745594e-17,
3847.0819854101055,1.6962460243087342e-16,
3850.045588061468,1.2334315472301784e-16,
3853.010757496143,1.1868782943866877e-16,
3855.9774910724263,1.3038028282377182e-16,
3858.9457861512747,1.2200183755806923e-16,
3861.9156400963066,1.824395860614996e-17,
3864.887050273799,6.29421187922648e-18,
3867.8600140526896,3.945780236300228e-17,
3870.8345288045757,8.623007470965253e-17,
3873.8105919037143,1.3790489939287444e-16,
3876.7882007270236,1.5206163007505573e-16,
3879.767352654082,5.981029852088924e-17,
3882.7480450671255,-9.984125706420598e-17,
3885.730275351053,1.2483960776415135e-16,
3888.714040893422,6.0428826419901894e-18,
3891.699339084449,1.1474636374026842e-16,
3894.686167317014,7.834453025954195e-17,
3897.6745229866538,1.3783972154069765e-16,
3900.664403491567,7.65378814651559e-17,
3903.6558062326094,2.419450752980608e-16,
3906.6487286133015,2.0173830286897008e-17,
3909.643168039821,1.0443964820303569e-16,
3912.6391219210054,1.3597990535474095e-16,
3915.636587668352,8.284530418060962e-17,
3918.6355626960203,2.2065964154073206e-16,
3921.6360444208285,1.9282904851810077e-16,
3924.638030262254,1.5354119698392918e-16,
3927.641517642436,1.4935288373443166e-16,
3930.6465039861723,7.099363157071497e-17,
3933.652986720922,9.559683417262132e-17,
3936.6609632768022,1.22496806150633e-16,
3939.6704310865935,1.4613701123138452e-16,
3942.6813875857324,9.295509408414017e-17,
3945.693830212319,1.9225654498775007e-16,
3948.7077564071114,1.1161683203046992e-16,
3951.7231636135275,1.5757395317171298e-16,
3954.740049277648,1.2776677584624858e-16,
3957.7584108482097,2.1955789319744775e-16,
3960.7782457766125,1.326653247346156e-16,
3963.799551516914,1.069839612990291e-16,
3966.8223255258345,2.49921289635034e-16,
3969.846565262753,2.04791216370104e-16,
3972.872268189707,2.8111746276958393e-16,
3975.899431771397,1.124612457992017e-16,
3978.9280534751815,1.5629238759440645e-16,
3981.9581307710796,1.8663692434100416e-16,
3984.989661131771,1.7000902150655032e-16,
3988.0226420325944,1.66972201550809e-16,
3991.0570709515487,1.5686373087838712e-16,
3994.0929453692943,1.0343397365244634e-16,
3997.1302627691493,1.8586008965345275e-16,
4000.169020637094,1.614006216504305e-16,
4003.209216461768,2.3922428110370894e-16,
4006.250847734469,1.8430330324025073e-16,
4009.2939119491593,1.97932103577068e-16,
4012.3384066024564,9.031576040239361e-17,
4015.384329193641,2.365509814715379e-16,
4018.431677224651,1.7372116286455366e-16,
4021.480448200089,1.9489743979798496e-16,
4024.5306396272126,2.1147715372967143e-16,
4027.5822490159417,1.9325958611160583e-16,
4030.6352738788573,1.1512871402704043e-16,
4033.6897117311983,2.6305939851430876e-16,
4036.7455600908643,1.6233307961742759e-16,
4039.8028164784173,2.4350259397255624e-16,
4042.861478417075,1.4578827331151612e-16,
4045.921543432718,1.846477158207224e-16,
4048.983009053887,2.195592113866424e-16,
4052.045872811783,2.0454433241946652e-16,
4055.1101322402637,1.93988316239335e-16,
4058.1757848758507,2.8371391880215e-16,
4061.2428282577257,2.0071274607509653e-16,
4064.3112599277265,1.959758173838442e-16,
4067.3810774303547,2.341108208989952e-16,
4070.4522783127713,2.1891544076545816e-16,
4073.524860124795,2.1097223430280835e-16,
4076.598820418908,1.9747228259368763e-16,
4079.6741567502504,1.4567687981639913e-16,
4082.7508666766225,1.829656760006997e-16,
4085.828947758486,1.7215855516538144e-16,
4088.908397558959,2.071654266240041e-16,
4091.9892136438248,1.4469126202819727e-16,
4095.071393581523,1.5829809891001114e-16,
4098.154934943154,2.2430130694921596e-16,
4101.239835302481,1.9536425486853794e-16,
4104.326092235921,2.121206950319639e-16,
4107.413703322559,2.1078113495993956e-16,
4110.502666144133,1.790621859078993e-16,
4113.592978285046,1.8968941705972617e-16,
4116.684637332358,1.5583600297515756e-16,
4119.777640875791,1.9086365534811958e-16,
4122.871986507724,1.6350062917836772e-16,
4125.967671823201,2.4432416208671275e-16,
4129.064694419922,2.2081514333488253e-16,
4132.163051898247,2.4569193734848265e-16,
4135.262741861201,2.4979508610731817e-16,
4138.363761914461,2.811563619185065e-16,
4141.466109666371,1.5920344345537534e-16,
4144.569782727933,2.6871091115758343e-16,
4147.674778712807,2.433685038076556e-16,
4150.781095237315,1.8818629947286873e-16,
4153.888729920439,2.434639176378019e-16,
4156.997680383819,2.1142738815962588e-16,
4160.107944251759,1.9623699820440164e-16,
4163.21951915122,1.9196658119615937e-16,
4166.332402711823,2.3946895854876495e-16,
4169.446592565851,2.2767320767413224e-16,
4172.5620863482445,1.8943028599969086e-16,
4175.678881696606,2.0543697802817368e-16,
4178.796976251199,2.1729108643673709e-16,
4181.916367654944,1.7087305261561582e-16,
4185.037053553423,2.139364653769915e-16,
4188.159031594878,1.6991554739771723e-16,
4191.282299430211,2.544864430908141e-16,
4194.4068547129855,2.104848762439801e-16,
4197.532695099423,2.009576693016804e-16,
4200.659818248405,1.759632163352269e-16,
4203.788221821475,1.9959660610157528e-16,
4206.917903482835,1.8755886777342993e-16,
4210.048860899347,1.6056414090809544e-16,
4213.181091740534,2.4207679762460193e-16,
4216.314593678579,1.9514141304453416e-16,
4219.449364388322,2.4132746632855243e-16,
4222.585401547268,1.9273804987054401e-16,
4225.722702835579,2.1859185182804814e-16,
4228.861265936078,1.8642148028109538e-16,
4232.001088534247,2.2762546830741397e-16,
4235.14216831823,1.682489253646973e-16,
4238.284502978828,2.1841142344977433e-16,
4241.428090209505,2.3043980096791664e-16,
4244.572927706385,2.230578366334141e-16,
4247.719013168247,2.530670761003892e-16,
4250.866344296539,1.536095526385308e-16,
4254.014918795361,1.859739466009329e-16,
4257.164734371477,1.4309564185917976e-16,
4260.3157887343095,1.8375684413098824e-16,
4263.468079595942,1.9634583881761385e-16,
4266.621604671117,2.0331522827462602e-16,
4269.77636167724,2.39108365385175e-16,
4272.932348334372,1.9690710154306575e-16,
4276.089562365238,2.2426900475254664e-16,
4279.24800149522,1.8788704623127135e-16,
4282.407663452361,1.6835743359349703e-16,
4285.568545967366,1.911880079761234e-16,
4288.730646773599,1.9957547411166357e-16,
4291.893963607081,1.6957741330265577e-16,
4295.058494206498,2.011256511714743e-16,
4298.224236313192,1.854362882781275e-16,
4301.391187671168,1.5721150099708944e-16,
4304.559346027089,1.7728717640145728e-16,
4307.72870913028,1.9162647381025528e-16,
4310.899274732722,1.3400885731286318e-16,
4314.071040589062,2.1304292076113264e-16,
4317.244004456602,2.0775115689564635e-16,
4320.4181640953075,2.1049568368895556e-16,
4323.593517267801,1.9601462587484054e-16,
4326.770061739367,1.818290915690165e-16,
4329.94779527795,1.8651987107663647e-16,
4333.1267156541535,1.996953223416985e-16,
4336.306820641242,1.5778255063985884e-16,
4339.48810801514,1.4424489464037375e-16,
4342.670575554432,6.965812644014273e-17,
4345.854221040361,1.9240187498824054e-16,
4349.0390422568325,1.6796537289028971e-16,
4352.225036990411,1.6623988861321035e-16,
4355.41220303032,1.06369484325929e-16,
4358.600538168445,1.4175595038034541e-16,
4361.79004019933,1.408794892921121e-16,
4364.98070692018,1.310796289967707e-16,
4368.172536130859,1.844849719225144e-16,
4371.365525633892,1.893358087943423e-16,
4374.559673234464,1.571570224360719e-16,
4377.75497674042,1.8339401062274916e-16,
4380.951433962263,9.818716474660165e-17,
4384.149042713159,2.0179983060594267e-16,
4387.347800808934,2.1183154022182468e-16,
4390.547706068072,1.728122730526038e-16,
4393.748756311717,1.2074805587549863e-16,
4396.950949363676,2.0665107502902418e-16,
4400.154283050412,1.8819455396392015e-16,
4403.358755201052,2.1739015763577962e-16,
4406.564363647381,1.6294429207430155e-16,
4409.771106223842,2.4594275340056825e-16,
4412.978980767542,1.851464839864529e-16,
4416.187985118247,1.9790125663057972e-16,
4419.3981171183805,1.606808964171785e-16,
4422.60937461303,2.331911871831735e-16,
4425.821755449938,1.6026770435897713e-16,
4429.035257479513,2.028841252649931e-16,
4432.249878554819,1.5682677495874562e-16,
4435.465616531581,2.306823045907755e-16,
4438.682469268186,1.6539846251546716e-16,
4441.900434625679,1.8644422996562187e-16,
4445.119510467765,1.679167319887717e-16,
4448.339694660811,2.1153134216444333e-16,
4451.560985073842,1.478419784518829e-16,
4454.783379578545,1.797393123211071e-16,
4458.006876049262,1.1998008308189542e-16,
4461.231472363004,2.253147576240516e-16,
4464.457166399435,1.8412581147971382e-16,
4467.683956040881,1.920126396417347e-16,
4470.911839172327,1.9922373222453167e-16,
4474.14081368142,1.969762256340456e-16,
4477.370877458466,1.4874962784182676e-16,
4480.602028396432,1.7260291012755603e-16,
4483.834264390942,2.1681798619039296e-16,
4487.067583340285,1.8666022859380346e-16,
4490.301983145406,1.9786665453296844e-16,
4493.5374617099105,1.8815823459222112e-16,
4496.774016940066,2.051903313310128e-16,
4500.0116467448,2.377184208948529e-16,
4503.250349035696,2.0008889903535312e-16,
4506.490121727003,1.8322023022670924e-16,
4509.730962735626,2.3267615969450264e-16,
4512.972869981133,2.0912074064125517e-16,
4516.215841385751,1.921392130108211e-16,
4519.459874874365,2.2375966105140266e-16,
4522.704968374523,1.6589267824261668e-16,
4525.951119816431,2.0706476384744016e-16,
4529.198327132956,1.839700661344723e-16,
4532.446588259626,2.1746650659380183e-16,
4535.695901134626,2.0718601776704438e-16,
4538.946263698805,2.277224552514727e-16,
4542.197673895668,1.7921888966000394e-16,
4545.450129671384,2.3333373798295953e-16,
4548.703628974779,2.088165422408855e-16,
4551.95816975734,2.1727245906017962e-16,
4555.213749973216,2.3705489678500116e-16,
4558.470367579212,2.45605617393337e-16,
4561.728020534796,2.507213100947812e-16,
4564.986706802096,1.8111607647397089e-16,
4568.246424345898,2.279569188533774e-16,
4571.5071711336495,2.3004850994878772e-16,
4574.76894513546,2.290844634191615e-16,
4578.031744324096,2.1284179935533949e-16,
4581.295566674984,2.3309059075681333e-16,
4584.560410166212,2.3934619255761646e-16,
4587.8262727785295,2.485428666506913e-16,
4591.093152495341,2.3575203560303566e-16,
4594.361047302717,2.359707974113443e-16,
4597.629955189384,2.259388884900626e-16,
4600.89987414673,2.5644418648455573e-16,
4604.170802168804,2.350661585491416e-16,
4607.4427372523105,2.397354257037709e-16,
4610.715677396622,2.539477841518879e-16,
4613.989620603763,2.4846653083584345e-16,
4617.264564878423,2.794598414314165e-16,
4620.540508227949,2.7190571056543346e-16,
4623.817448662352,2.48777274984607e-16,
4627.0953841942965,3.016078451368328e-16,
4630.374312839113,2.0854064273268036e-16,
4633.65423261479,2.973680113002367e-16,
4636.935141541974,2.893418413664094e-16,
4640.217037643974,2.680615094456302e-16,
4643.49991894676,2.5873138550123745e-16,
4646.783783478959,2.7042018347310537e-16,
4650.068629271858,2.7191277268700575e-16,
4653.354454359409,2.576261876731993e-16,
4656.641256778218,2.6531752709280607e-16,
4659.9290345675545,2.54595236747576e-16,
4663.217785769348,2.804394000483834e-16,
4666.507508428184,2.6043941637172903e-16,
4669.798200591315,2.679231103987186e-16,
4673.089860308649,2.4311946170922117e-16,
4676.382485632753,2.7848009789820744e-16,
4679.6760746188575,2.7503160407390443e-16,
4682.9706253248505,2.688559582027559e-16,
4686.266135811282,2.474488430117271e-16,
4689.56260414136,2.3979796279934115e-16,
4692.860028380954,2.712756346905016e-16,
4696.1584065985935,2.8645435567678414e-16,
4699.457736865466,2.5733928495153775e-16,
4702.7580172554235,2.954803672773264e-16,
4706.059245844974,3.025609636042617e-16,
4709.361420713285,2.489004291540716e-16,
4712.664539942189,2.464114435928909e-16,
4715.968601616171,2.4901942738263614e-16,
4719.273603822386,2.8791665737156158e-16,
4722.579544650639,2.906501942572461e-16,
4725.886422193401,2.514959839888266e-16,
4729.194234545802,2.668015753787441e-16,
4732.502979805631,2.6627188290993284e-16,
4735.812656073339,2.3624488288952805e-16,
4739.123261452033,2.77154601626941e-16,
4742.434794047485,2.2172679191234065e-16,
4745.747251968124,2.3683568352522923e-16,
4749.06063332504,2.286517075506097e-16,
4752.374936231982,2.408311833964997e-16,
4755.6901588053615,2.4432011587572314e-16,
4759.006299164247,2.2439924732166576e-16,
4762.323355430369,2.424662322519655e-16,
4765.641325728118,2.280303437768071e-16,
4768.960208184543,2.6452909822515555e-16,
4772.280000929355,2.625575359962396e-16,
4775.600702094925,1.995363189225501e-16,
4778.922309816281,2.44924354158351e-16,
4782.244822231115,2.568960123386221e-16,
4785.568237479776,2.60533210285703e-16,
4788.892553705276,2.5716423753932595e-16,
4792.217769053284,2.370868830881898e-16,
4795.543881672132,2.5061464865311826e-16,
4798.870889712808,2.244407856239648e-16,
4802.198791328964,2.2424351723646186e-16,
4805.527584676911,1.910313002205522e-16,
4808.85726791562,2.775826996709431e-16,
4812.187839206719,2.4473306900594516e-16,
4815.519296714501,2.2251141591721886e-16,
4818.851638605916,2.717532955253084e-16,
4822.184863050576,2.364131128479179e-16,
4825.51896822075,2.4753641535175853e-16,
4828.85395229137,2.2837659015103476e-16,
4832.189813440027,2.449020810083877e-16,
4835.526549846972,2.3499121876521543e-16,
4838.864159695115,2.1475348404285843e-16,
4842.202641170027,2.2467602300552535e-16,
4845.541992459941,2.486706908934644e-16,
4848.8822117557465,2.4582495381714874e-16,
4852.223297250995,2.210911573426071e-16,
4855.565247141898,2.5709711965046333e-16,
4858.908059627326,2.3556897297381396e-16,
4862.251732908811,2.626006968916616e-16,
4865.596265190546,2.60475201526422e-16,
4868.941654679379,2.5740210796251336e-16,
4872.287899584824,2.286472148285388e-16,
4875.6349981190515,2.6517838630444727e-16,
4878.982948496893,2.450867624312203e-16,
4882.331748935841,2.369635769852782e-16,
4885.681397656045,3.0737661820374636e-16,
4889.03189288032,2.903891420524963e-16,
4892.383232834135,2.3005680851201873e-16,
4895.735415745623,2.7851460970776822e-16,
4899.0884398455755,2.261491458107744e-16,
4902.442303367443,2.0458994012831567e-16,
4905.79700454734,2.1960609192638686e-16,
4909.152541624037,2.1164412068303792e-16,
4912.508912838966,2.111063076560297e-16,
4915.866116436219,2.6346219732372084e-16,
4919.224150662549,2.412150805168019e-16,
4922.5830137673665,2.645046791493828e-16,
4925.942704002745,2.2804235349568463e-16,
4929.303219623415,2.6345361815431665e-16,
4932.664558886772,2.7670722647895773e-16,
4936.026720052866,2.5970008113989927e-16,
4939.389701384409,2.080695630013806e-16,
4942.7535011467735,2.5889625773106186e-16,
4946.118117607993,2.731099825182416e-16,
4949.4835490387595,2.8456022771243353e-16,
4952.849793712426,2.664086391618318e-16,
4956.216849905003,2.617670902688489e-16,
4959.5847158951665,2.521942492852529e-16,
4962.953389964246,2.5928485616500873e-16,
4966.322870396236,2.9049000782710513e-16,
4969.693155477788,3.0839519889859932e-16,
4973.064243498217,3.217846812798336e-16,
4976.4361327494935,3.475245267724223e-16,
4979.8088215262505,3.207415051010205e-16,
4983.1823081257835,2.9121604084056536e-16,
4986.556590848042,2.8701926380326015e-16,
4989.931667995641,3.41701281013036e-16,
4993.307537873854,3.4103845222996374e-16,
4996.684198790612,3.528792826391723e-16,
5000.06164905651,3.398831557801187e-16,
5003.4398869848,4.1190067104566765e-16,
5006.8189108913975,3.1841541348412917e-16,
5010.198719094873,3.714403190796963e-16,
5013.579309916461,3.668285298595656e-16,
5016.960681680054,3.214029084838674e-16,
5020.342832712207,3.7278984847210616e-16,
5023.7257613421325,3.8902830700912247e-16,
5027.109465901704,4.005831660339228e-16,
5030.493944725456,3.822806507566428e-16,
5033.87919615058,3.836843517177433e-16,
5037.265218516932,3.5784160672206144e-16,
5040.652010167024,3.587881954985288e-16,
5044.039569446031,3.747516698943068e-16,
5047.427894701786,3.811320954265171e-16,
5050.816984284781,3.7187330160667267e-16,
5054.206836548174,3.440660128027636e-16,
5057.597449847775,3.090922492115132e-16,
5060.988822542061,3.3621300207151935e-16,
5064.380952992164,2.945923447664639e-16,
5067.773839561877,3.0488271486140186e-16,
5071.167480617658,3.426045777849431e-16,
5074.561874528617,3.456114329066586e-16,
5077.957019666531,3.6907982939798924e-16,
5081.352914405833,3.551742314569733e-16,
5084.749557123617,3.3183150668666477e-16,
5088.146946199638,3.1827821470804065e-16,
5091.545080016309,3.2413602175279036e-16,
5094.943956958707,3.0289486147254697e-16,
5098.343575414563,2.9333537962652395e-16,
5101.743933774274,2.750761507761688e-16,
5105.145030430895,3.0542986226201505e-16,
5108.546863780138,3.3409178676858956e-16,
5111.949432220379,3.115682340532838e-16,
5115.352734152653,3.170831461916761e-16,
5118.756767980654,2.6100246561795266e-16,
5122.161532110738,2.9100138923964847e-16,
5125.567024951918,3.4753580816013413e-16,
5128.97324491587,2.8927363555490557e-16,
5132.380190416928,2.892188948801887e-16,
5135.787859872088,3.150372422076564e-16,
5139.196251701004,2.792767403820988e-16,
5142.605364325991,3.3862956076003284e-16,
5146.015196172026,2.8531429181168426e-16,
5149.425745666741,3.0980860711438453e-16,
5152.837011240434,2.969863694744926e-16,
5156.248991326058,3.109928766828527e-16,
5159.661684359229,2.572181376310761e-16,
5163.075088778222,3.072954481095474e-16,
5166.489203023974,2.974467930257063e-16,
5169.904025540078,3.540958354336371e-16,
5173.319554772791,2.8420602071046205e-16,
5176.735789171027,3.1801993488809786e-16,
5180.152727186363,3.537517640833018e-16,
5183.570367273035,3.2636272033652806e-16,
5186.988707887936,3.122425936164713e-16,
5190.4077474906235,3.496330628786288e-16,
5193.8274845433125,3.040125395824992e-16,
5197.247917510879,3.1990375669804e-16,
5200.66904486086,3.269305025871152e-16,
5204.090865063449,2.7794659493252703e-16,
5207.513376591503,2.548831506577972e-16,
5210.936577920538,2.802694262734436e-16,
5214.36046752873,3.0584877947238015e-16,
5217.785043896914,2.726308907174572e-16,
5221.210305508587,2.8274104767738104e-16,
5224.636250849905,2.842853512181793e-16,
5228.062878409683,3.0236880644888947e-16,
5231.4901866794,3.0035486715478387e-16,
5234.918174153188,2.827473090842022e-16,
5238.346839327848,2.93056780747401e-16,
5241.776180702832,2.8088059031858126e-16,
5245.206196780259,2.614660707628378e-16,
5248.6368860649045,2.874814321894663e-16,
5252.068247064204,2.832312943888459e-16,
5255.500278288257,2.9042593158248225e-16,
5258.932978249815,2.873693956825844e-16,
5262.3663454643,3.14710445256573e-16,
5265.800378449785,2.8618424851159654e-16,
5269.235075727008,2.814538517138487e-16,
5272.670435819365,3.043397135263523e-16,
5276.106457252914,3.078678113232103e-16,
5279.54313855637,2.7961173892927185e-16,
5282.980478261111,2.9111815948253143e-16,
5286.418474901174,3.074814858096312e-16,
5289.857127013255,2.9711721592522477e-16,
5293.296433136712,3.2664578479677465e-16,
5296.736391813562,3.115724870023341e-16,
5300.17700158848,2.818760301310833e-16,
5303.618261008806,2.8644282442011196e-16,
5307.0601686245345,3.0435432367767237e-16,
5310.502722988325,2.653094637229809e-16,
5313.945922655494,2.7189281512208323e-16,
5317.3897661840165,3.1092100643947556e-16,
5320.834252134534,2.841511013629712e-16,
5324.27937907034,2.637992407020141e-16,
5327.725145557394,2.8654855139728906e-16,
5331.171550164313,2.7527840021346285e-16,
5334.618591462375,2.81159899324702e-16,
5338.0662680255155,3.010566770698098e-16,
5341.514578430335,2.9748177661475383e-16,
5344.963521256089,3.221737884202744e-16,
5348.413095084696,3.262199345389616e-16,
5351.8632985007325,3.1670340954362353e-16,
5355.3141300914385,2.98728162885971e-16,
5358.76558844671,2.9978435138182637e-16,
5362.217672159106,2.911435493715191e-16,
5365.670379823843,3.397007552855052e-16,
5369.123710038801,3.311476149898335e-16,
5372.577661404515,3.0740062227394886e-16,
5376.032232524186,3.4763841690729064e-16,
5379.48742200367,3.570045696148969e-16,
5382.943228451487,3.672471278703143e-16,
5386.399650478813,3.5342762982449096e-16,
5389.856686699487,3.695318557342436e-16,
5393.314335730009,3.636885925385124e-16,
5396.772596189534,3.445709975522876e-16,
5400.231466699884,3.530996332594299e-16,
5403.690945885533,3.7954048897298476e-16,
5407.151032373624,3.5318709631238145e-16,
5410.611724793953,3.6660967234766885e-16,
5414.073021778978,3.710804482569897e-16,
5417.534921963819,3.80426732144687e-16,
5420.997423986254,3.703407920454058e-16,
5424.460526486721,3.676786948463702e-16,
5427.924228108321,3.6656284818564877e-16,
5431.38852749681,3.844319517804116e-16,
5434.853423300608,3.4007685034792698e-16,
5438.318914170793,3.862964951547013e-16,
5441.784998761105,3.666995481695203e-16,
5445.251675727943,4.035649137412483e-16,
5448.718943730364,3.126316566175917e-16,
5452.18680143009,3.4207454921974465e-16,
5455.655247491497,3.4270984783151015e-16,
5459.124280581626,3.13932170096788e-16,
5462.593899370177,3.631182348279928e-16,
5466.064102529506,3.342288939963108e-16,
5469.5348887346345,3.410558815478992e-16,
5473.006256663241,3.4783264977021304e-16,
5476.478204995666,3.3419977447358826e-16,
5479.950732414907,3.3793880091519766e-16,
5483.423837606625,3.531236003683129e-16,
5486.897519259139,3.4644594242446354e-16,
5490.371776063427,3.884607463739452e-16,
5493.846606713131,3.6247276831828605e-16,
5497.322009904549,3.7783158661936975e-16,
5500.797984336641,3.929681468140775e-16,
5504.2745287110265,3.94894629739017e-16,
5507.751641731986,3.94661258784543e-16,
5511.229322106457,3.901609466604099e-16,
5514.707568544042,4.3481783446442254e-16,
5518.1863797569995,4.3983919228432904e-16,
5521.665754460249,4.3311678225786335e-16,
5525.145691371372,4.2492608776529387e-16,
5528.626189210608,4.509512748725273e-16,
5532.107246700854,4.593643890190468e-16,
5535.588862567675,4.3293139925418246e-16,
5539.071035539288,4.155343123688882e-16,
5542.553764346574,4.2748686238998555e-16,
5546.037047723073,4.492230569771602e-16,
5549.520884404984,4.2853636802882106e-16,
5553.00527313117,4.249260014754156e-16,
5556.490212643149,4.0815689829836247e-16,
5559.975701685103,4.554089319997221e-16,
5563.461739003871,4.3825685181845447e-16,
5566.948323348955,4.512279806082448e-16,
5570.4354534725135,4.781812565570069e-16,
5573.923128129368,4.1152066919737604e-16,
5577.411346077,4.0167670599645025e-16,
5580.900106075549,3.852435215922048e-16,
5584.389406887817,4.0489775153175153e-16,
5587.879247279262,4.430123120288225e-16,
5591.369626018008,4.048278888550722e-16,
5594.860541874834,3.6937951310573117e-16,
5598.351993623181,3.4768343389294464e-16,
5601.84398003915,3.9227521977702936e-16,
5605.336499901503,3.7079654674374435e-16,
5608.829551991659,4.0708935035555716e-16,
5612.3231350937,3.762446094149362e-16,
5615.817247994368,3.5385665020135306e-16,
5619.311889483063,4.181133230006624e-16,
5622.8070583518465,3.6390055185891055e-16,
5626.30275339544,4.0441398460486433e-16,
5629.798973411223,3.760661904189519e-16,
5633.29571719924,3.987905736454228e-16,
5636.792983562191,3.7134898578381406e-16,
5640.290771305436,4.046423169124577e-16,
5643.789079236996,3.75138368628638e-16,
5647.287906167556,4.261950202470256e-16,
5650.7872509104545,3.8983986092614234e-16,
5654.287112281694,4.270015355079943e-16,
5657.787489099936,4.2453867951481754e-16,
5661.288380186503,4.006778961733856e-16,
5664.7897843653745,4.054014182076232e-16,
5668.2917004631945,4.1611443931618264e-16,
5671.794127309264,4.1644945532852215e-16,
5675.297063735545,4.0440400874535483e-16,
5678.800508576659,4.097250058263906e-16,
5682.304460669888,3.8875498562811447e-16,
5685.808918855175,3.7759899849020374e-16,
5689.31388197512,4.039329048144331e-16,
5692.819348874986,3.7023448461703493e-16,
5696.325318402696,3.718925722531525e-16,
5699.83178940883,3.8281456712703713e-16,
5703.338760746634,3.4808202199830893e-16,
5706.846231272006,4.1171430951913347e-16,
5710.35419984351,3.7681912245713807e-16,
5713.862665322369,3.3717265269862717e-16,
5717.371626572465,3.58220480916483e-16,
5720.88108246034,3.3384213752647617e-16,
5724.391031855197,3.224901257106943e-16,
5727.901473628897,3.1193072645645204e-16,
5731.412406655965,3.0668829690500484e-16,
5734.923829813581,3.1365387143163756e-16,
5738.43574198159,2.7452897381611417e-16,
5741.948142042493,3.232675825363316e-16,
5745.461028881453,2.9700865212521417e-16,
5748.974401386294,2.863206968926398e-16,
5752.488258447496,3.0772718779922375e-16,
5756.002598958206,3.190008260591971e-16,
5759.517421814224,2.866094143977357e-16,
5763.032725914012,3.2766770206945394e-16,
5766.548510158696,3.0171333805765703e-16,
5770.064773452057,2.8056055037592024e-16,
5773.58151470054,2.8866837765791374e-16,
5777.098732813245,2.9733792988848593e-16,
5780.616426701938,2.901570121024665e-16,
5784.134595281041,3.2963474821784965e-16,
5787.653237467637,3.0081240780998986e-16,
5791.172352181469,3.2915261951869067e-16,
5794.691938344942,3.2026547391054735e-16,
5798.211994883119,3.685485577576314e-16,
5801.732520723723,3.517134862578428e-16,
5805.253514797136,3.619807614038039e-16,
5808.774976036403,3.5697321589580483e-16,
5812.296903377228,3.7372181887309524e-16,
5815.819295757974,4.1889801328252904e-16,
5819.342152119664,4.1050377081424746e-16,
5822.865471405983,4.053254864355944e-16,
5826.389252563274,4.232661970957884e-16,
5829.91349454054,4.328853223896318e-16,
5833.438196289448,4.350857085003365e-16,
5836.963356764318,4.4248768961074964e-16,
5840.488974922135,4.371415103513362e-16,
5844.015049722544,4.691983340704985e-16,
5847.541580127849,4.823164758441833e-16,
5851.068565103013,4.957582635920942e-16,
5854.59600361566,4.933298238862754e-16,
5858.123894636075,4.628380597660431e-16,
5861.652237137203,4.760780163674227e-16,
5865.181030094646,4.68189714274504e-16,
5868.71027248667,4.95184108251619e-16,
5872.2399632942,4.462856248399539e-16,
5875.770101500817,4.668353227382467e-16,
5879.300686092768,4.895326942660998e-16,
5882.831716058958,5.172125138668527e-16,
5886.363190390949,4.3998317829776524e-16,
5889.895108082968,4.432668685946154e-16,
5893.427468131898,4.145362563570526e-16,
5896.960269537285,4.756317595052282e-16,
5900.493511301333,4.640942848409211e-16,
5904.027192428905,4.837694802237192e-16,
5907.5613119275295,4.780715663429107e-16,
5911.095868807388,4.959747222976688e-16,
5914.630862081326,4.813571707752929e-16,
5918.16629076485,5.086223233563015e-16,
5921.702153876123,4.670394176789984e-16,
5925.238450435971,5.073258934029746e-16,
5928.775179467879,4.93815340272039e-16,
5932.312339997992,4.875398850016609e-16,
5935.849931055115,5.232299003538364e-16,
5939.387951670713,5.2361237425546e-16,
5942.926400878912,5.086884081103389e-16,
5946.4652777164965,5.242369118804413e-16,
5950.004581222911,5.321548504511394e-16,
5953.544310440263,5.28549102059712e-16,
5957.084464413316,5.349246477908602e-16,
5960.6250421894965,5.260151975352878e-16,
5964.166042818889,4.980519279433187e-16,
5967.70746535424,5.352107264951361e-16,
5971.249308850955,5.035812999509173e-16,
5974.791572367098,4.909002194600161e-16,
5978.334254963396,4.977131361915107e-16,
5981.877355703236,5.27313325334272e-16,
5985.420873652662,4.98912011290334e-16,
5988.964807880378,4.761484735721072e-16,
5992.509157457755,5.399684674708019e-16,
5996.053921458813,5.293858380946622e-16,
5999.599098960242,5.408010633863211e-16,
6003.144689041387,5.242029645091039e-16,
6006.690690784253,5.404843088571104e-16,
6010.237103273507,5.515105755240107e-16,
6013.7839255964755,5.007161891537279e-16,
6017.331156843143,4.583953250006207e-16,
6020.878796106156,4.713924747864593e-16,
6024.426842480822,4.4052210657752215e-16,
6027.975295065107,4.963912873971712e-16,
6031.524152959637,4.91317145706011e-16,
6035.073415267698,4.896993111419406e-16,
6038.623081095237,4.6724072829059e-16,
6042.173149550859,4.690647087908494e-16,
6045.7236197458315,4.615408328589891e-16,
6049.274490794081,4.60797350757548e-16,
6052.825761812196,4.70521267155494e-16,
6056.377431919421,4.743097765818703e-16,
6059.929500237662,4.374317257756872e-16,
6063.481965891488,4.668581675538873e-16,
6067.0348280081225,4.372604460221099e-16,
6070.588085717455,3.9415606803493876e-16,
6074.141738152032,4.273922077810902e-16,
6077.69578444706,4.1865656291388333e-16,
6081.250223740406,4.50040838691879e-16,
6084.805055172596,4.1776596665112795e-16,
6088.360277886819,3.7288327281811783e-16,
6091.915891028921,4.279385341958813e-16,
6095.471893747409,3.800687185101461e-16,
6099.02828519345,4.041193212646508e-16,
6102.585064520872,3.8163183362253557e-16,
6106.142230886161,4.1448750629140505e-16,
6109.699783448465,4.3617249286312834e-16,
6113.257721369591,4.3133317449377565e-16,
6116.816043814008,4.509091392104362e-16,
6120.374749948842,4.088661231149949e-16,
6123.933838943879,3.961794870848223e-16,
6127.493309971569,4.2506356648942683e-16,
6131.053162207019,3.9372312603698083e-16,
6134.613394827996,3.6626538758772037e-16,
6138.174007014928,3.6332852569436084e-16,
6141.734997950902,3.788453008041371e-16,
6145.296366821667,3.729158098843217e-16,
6148.858112815629,3.580403060118175e-16,
6152.420235123858,3.958692350519367e-16,
6155.982732940081,4.0647489239344036e-16,
6159.545605460686,4.1903093456670183e-16,
6163.108851884719,3.76318212374436e-16,
6166.672471413891,3.7215452520841943e-16,
6170.236463252568,3.6368179933616625e-16,
6173.800826607778,3.80269764421424e-16,
6177.365560689212,3.262248507309906e-16,
6180.930664709214,3.9453242039010846e-16,
6184.496137882796,3.444055654487225e-16,
6188.061979427623,3.574645629956664e-16,
6191.628188564026,3.8077546692110184e-16,
6195.194764514991,3.954331055288271e-16,
6198.761706506169,3.9364758480486726e-16,
6202.329013765866,3.922745169651427e-16,
6205.896685525052,4.0612163044896454e-16,
6209.464721017354,3.6980005524515874e-16,
6213.033119479063,3.492492696150235e-16,
6216.601880149126,3.7843429287099146e-16,
6220.171002269151,4.13411762221669e-16,
6223.740485083409,4.2504729595938366e-16,
6227.310327838827,4.2990888789794717e-16,
6230.880529784994,4.472235597691311e-16,
6234.451090174159,4.2509327223902304e-16,
6238.02200826123,4.211064064805507e-16,
6241.593283303779,3.9148800383824035e-16,
6245.16491456203,4.0716308685463894e-16,
6248.736901298877,4.1425961194496745e-16,
6252.309242779866,4.2030959748832845e-16,
6255.881938273207,4.358328437367956e-16,
6259.4549870497685,4.115962368545127e-16,
6263.028388383082,4.2374486256653077e-16,
6266.602141549334,4.022073324574058e-16,
6270.176245827375,4.197952056875161e-16,
6273.750700498714,4.2092985705544596e-16,
6277.32550484752,3.735780526518516e-16,
6280.9006581606245,3.6674022334210337e-16,
6284.476159727514,4.072046230185429e-16,
6288.05200884034,3.520542196847079e-16,
6291.628204793911,3.998834163325528e-16,
6295.204746885698,4.256571844898013e-16,
6298.781634415829,3.78353087722624e-16,
6302.358866687095,3.2350373201323846e-16,
6305.9364430049445,4.2417696623126907e-16,
6309.514362677488,3.9173827510069893e-16,
6313.092625015495,4.003965120173425e-16,
6316.671229332396,4.383468399358739e-16,
6320.25017494428,3.67226082669262e-16,
6323.829461169898,3.737766713944867e-16,
6327.4090873306595,3.6817172145294735e-16,
6330.989052750634,3.7161002200842994e-16,
6334.569356756552,3.4737041668461067e-16,
6338.1499986778035,3.9868452672422696e-16,
6341.730977846439,3.8108431473640966e-16,
6345.31229359717,3.802951713696485e-16,
6348.893945267362,3.7603294869823675e-16,
6352.475932197051,3.718076559029863e-16,
6356.058253728925,3.7274980517032994e-16,
6359.640909208334,3.4493269535466464e-16,
6363.223897983288,3.5485835127655115e-16,
6366.80721940446,3.7050789856552035e-16,
6370.390872825176,3.655521581941154e-16,
6373.974857601432,3.297805631651089e-16,
6377.559173091875,3.2085963483829112e-16,
6381.143818657816,3.29969711048774e-16,
6384.728793663227,3.322616100526957e-16,
6388.314097474738,3.3127428492186833e-16,
6391.89972946164,3.1667761198662193e-16,
6395.485688995884,3.315320259988035e-16,
6399.07197545208,3.509873725914919e-16,
6402.6585882075,3.248501146865679e-16,
6406.245526642073,3.751008239751735e-16,
6409.832790138393,3.4841187401333827e-16,
6413.42037808171,3.660242572762558e-16,
6417.008289859932,3.705993348250761e-16,
6420.596524863635,3.7635901223459667e-16,
6424.1850824860485,3.389468937605133e-16,
6427.773962123061,3.698653772533303e-16,
6431.363163173228,3.3247222064450907e-16,
6434.952685037758,3.701484902133033e-16,
6438.542527120523,3.7622753310698853e-16,
6442.132688828055,3.703805185124359e-16,
6445.723169569545,3.341149812113349e-16,
6449.313968756844,3.686718620800684e-16,
6452.905085804465,3.5197679908338503e-16,
6456.496520129578,3.4750733385647777e-16,
6460.088271152015,3.812256279651738e-16,
6463.680338294269,3.493460281729143e-16,
6467.272720981491,3.763002275350237e-16,
6470.8654186414915,3.6138839327524717e-16,
6474.458430704743,3.757336269647341e-16,
6478.051756604378,4.1128848002608107e-16,
6481.645395776189,3.855093854283958e-16,
6485.239347658626,3.9742251288751564e-16,
6488.833611692802,3.7510643542124427e-16,
6492.42818732249,3.8703991176310574e-16,
6496.02307399412,3.765665005894636e-16,
6499.618271156785,3.6136488105896203e-16,
6503.2137782622385,4.0184938166117267e-16,
6506.809594764891,3.7013910549303614e-16,
6510.405720121815,3.8859602779745974e-16,
6514.002153792744,3.646240261294202e-16,
6517.598895240069,3.605023110125915e-16,
6521.195943928843,3.465310206084376e-16,
6524.793299326779,3.41647984528111e-16,
6528.390960904248,3.504814117640234e-16,
6531.988928134282,3.547039691624962e-16,
6535.587200492577,3.38342155951457e-16,
6539.185777457482,3.1844620034106196e-16,
6542.784658510012,3.22189686990139e-16,
6546.383843133839,3.515569694719457e-16,
6549.983330815296,3.1122267851446873e-16,
6553.5831210433735,3.304653010313599e-16,
6557.183213309728,3.14114535843878e-16,
6560.7836071086695,3.566551187844675e-16,
6564.3843019371725,3.309574878964875e-16,
6567.985297294869,3.5674159994095925e-16,
6571.586592684052,3.636601307086078e-16,
6575.188187609677,3.292450528090938e-16,
6578.790081579353,3.812793289619112e-16,
6582.392274103357,3.4884625155735655e-16,
6585.994764694619,3.8085193329756043e-16,
6589.597552868734,3.6100556824009326e-16,
6593.200638143955,3.9411400322217813e-16,
6596.804020041196,3.7698340508667594e-16,
6600.407698084029,4.0821354732775073e-16,
6604.0116717986875,4.203356260948852e-16,
6607.615940714068,4.1086114321280976e-16,
6611.220504361718,3.8430965971335806e-16,
6614.825362275857,4.007713003729145e-16,
6618.430513993355,3.941912319275902e-16,
6622.035959053746,4.2338309671353415e-16,
6625.641696999226,4.1129854873989175e-16,
6629.247727374646,4.033612359923984e-16,
6632.854049727522,4.475431242524467e-16,
6636.460663608026,4.384426288487146e-16,
6640.067568568992,4.251398555897229e-16,
6643.674764165915,3.946855190611363e-16,
6647.282249956948,4.524675749302737e-16,
6650.890025502906,4.4272712938963093e-16,
6654.498090367262,4.843339910989502e-16,
6658.106444116151,4.833565196050017e-16,
6661.715086318367,4.479110064864985e-16,
6665.324016545363,4.358202013499024e-16,
6668.933234371253,4.2623186870807084e-16,
6672.542739372813,4.311723837248392e-16,
6676.152531129477,4.3331115927461747e-16,
6679.762609223339,4.664607169517025e-16,
6683.372973239152,4.345406597521706e-16,
6686.983622764332,4.703984862224978e-16,
6690.594557388953,4.4154907853119593e-16,
6694.20577670575,4.668672304058848e-16,
6697.817280310118,4.625039686545528e-16,
6701.429067800111,4.46592947305898e-16,
6705.041138776442,4.533028863690493e-16,
6708.653492842487,4.3793618534856565e-16,
6712.266129604282,4.485096645603256e-16,
6715.879048670519,4.43525963177341e-16,
6719.492249652556,4.616696501034908e-16,
6723.105732164406,4.1055400643556716e-16,
6726.719495822745,4.47578307125778e-16,
6730.333540246906,4.131303659751106e-16,
6733.947865058886,4.3166727582004903e-16,
6737.562469883338,4.3478577613309864e-16,
6741.17735434758,4.704180732617343e-16,
6744.792518081585,4.486151494776746e-16,
6748.407960717988,4.622054412693972e-16,
6752.023681892086,4.502225342260995e-16,
6755.639681241833,4.543441735049683e-16,
6759.255958407844,4.484230975438099e-16,
6762.872513033395,3.9393283274416094e-16,
6766.489344764421,3.95093798331425e-16,
6770.106453249518,3.895653637836071e-16,
6773.723838139942,4.393711963291481e-16,
6777.341499089607,4.3219408921278213e-16,
6780.959435755089,4.173780375500526e-16,
6784.577647795624,4.486451153381339e-16,
6788.196134873107,4.3103293720284674e-16,
6791.814896652097,4.3198663664707497e-16,
6795.433932799804,4.350268232967897e-16,
6799.053242986109,4.360534461002436e-16,
6802.672826883545,4.586700075932578e-16,
6806.292684167308,4.3468293840326976e-16,
6809.912814515255,4.517797699944586e-16,
6813.533217607902,4.816055375390628e-16,
6817.153893128424,4.726629269084735e-16,
6820.774840762658,5.013427997428361e-16,
6824.3960601991,4.643807717467244e-16,
6828.017551128905,4.570146061289761e-16,
6831.639313245891,4.4047517101804427e-16,
6835.261346246532,4.422469543206037e-16,
6838.883649829967,4.418745179042927e-16,
6842.50622369799,4.684346634356254e-16,
6846.129067555059,4.472935904360474e-16,
6849.75218110829,4.39239244643867e-16,
6853.375564067459,4.133062329330787e-16,
6856.999216145003,4.3098665042675254e-16,
6860.623137056018,4.2583354676707827e-16,
6864.247326518261,4.0251799652617384e-16,
6867.871784252148,3.847871339783679e-16,
6871.496509980757,4.2018316695853024e-16,
6875.121503429824,3.6936931924085534e-16,
6878.746764327745,3.638146350930153e-16,
6882.372292405578,4.2711646918099753e-16,
6885.99808739704,3.8672172665056546e-16,
6889.624149038506,3.667567167448657e-16,
6893.250477069016,3.769143631781366e-16,
6896.877071230263,3.474537519477851e-16,
6900.503931266609,3.7937585235333244e-16,
6904.131056925067,3.5762669703430776e-16,
6907.758447955315,3.8006966788592076e-16,
6911.386104109692,3.262324298370671e-16,
6915.014025143193,3.4610121049397945e-16,
6918.6422108134775,3.334594654622937e-16,
6922.27066088086,3.105546782115228e-16,
6925.899375108321,2.9556678910503467e-16,
6929.528353261496,3.270375409919642e-16,
6933.157595108682,3.1211134150973784e-16,
6936.787100420837,3.3418408680927836e-16,
6940.416868971579,3.2100820143065984e-16,
6944.046900537186,3.3170191535902203e-16,
6947.677194896594,3.25349878388071e-16,
6951.307751831402,3.3203327116167716e-16,
6954.938571125867,3.310032947279161e-16,
6958.569652566908,3.44139497756852e-16,
6962.200995944102,3.3368482816146973e-16,
6965.832601049686,3.628507948191742e-16,
6969.464467678559,3.5539217058831826e-16,
6973.096595628278,3.601994466723158e-16,
6976.7289846990625,3.910687061532374e-16,
6980.361634693789,3.8098371627331114e-16,
6983.994545417996,3.7529250407981685e-16,
6987.627716679881,3.9616391377497213e-16,
6991.261148290304,4.2156173090791897e-16,
6994.894840062781,4.0016127890309196e-16,
6998.528791813493,4.321316331386583e-16,
7002.163003361275,4.171476002045045e-16,
7005.797474527628,3.9204921850534073e-16,
7009.432205136708,4.351530511289633e-16,
7013.0671950153355,4.530003721223034e-16,
7016.702443992988,4.454892267878932e-16,
7020.3379519018035,4.750577914333958e-16,
7023.9737185765825,4.492939401764712e-16,
7027.609743854782,4.755760389946341e-16,
7031.246027576521,4.232249572499527e-16,
7034.882569584578,4.530894898832648e-16,
7038.519369724392,4.627970194034139e-16,
7042.156427844061,5.065219084123582e-16,
7045.793743794346,4.817397148891069e-16,
7049.431317428662,4.4373132792956027e-16,
7053.069148603092,4.665023042891488e-16,
7056.7072371763725,4.536397362755337e-16,
7060.345583009903,4.549110593522652e-16,
7063.9841859677435,4.4049676287013467e-16,
7067.623045916612,4.400375065967653e-16,
7071.262162725888,4.521548065763016e-16,
7074.90153626761,4.566466256669954e-16,
7078.5411664164785,4.269524047959632e-16,
7082.1810530498515,4.590980242799768e-16,
7085.821196047749,4.35768694699187e-16,
7089.461595292851,4.441780133354748e-16,
7093.102250670496,4.636007273392083e-16,
7096.743162068682,4.522018473707702e-16,
7100.384329378072,4.437323056466017e-16,
7104.0257524919825,4.126845979460878e-16,
7107.667431306394,4.34715692080717e-16,
7111.309365719947,4.421206268972474e-16,
7114.95155563394,4.1258047978480555e-16,
7118.594000952333,4.519376375940192e-16,
7122.236701581747,4.556881067116472e-16,
7125.879657431459,4.2479761126351147e-16,
7129.522868413412,4.521002511389583e-16,
7133.166334442203,4.2431278235103425e-16,
7136.810055435095,4.135918533894839e-16,
7140.454031312005,3.7549418763613373e-16,
7144.098261995515,3.8953832624203963e-16,
7147.7427474108645,4.0815328706975934e-16,
7151.387487485952,3.9420102565031227e-16,
7155.03248215134,4.100403209143484e-16,
7158.677731340249,3.7596683728731635e-16,
7162.323234988557,4.076448740726373e-16,
7165.968993034805,4.0648473173044364e-16,
7169.6150054201935,3.950558308805197e-16,
7173.261272088584,3.620816859022256e-16,
7176.907792986494,3.5879045073598176e-16,
7180.5545680631085,3.515285440670608e-16,
7184.201597270265,3.584741259769235e-16,
7187.848880562463,4.0258781285567135e-16,
7191.496417896865,3.6095138350406544e-16,
7195.144209233291,3.757283065956813e-16,
7198.792254534223,3.806651508432829e-16,
7202.4405537648,3.8040998090535476e-16,
7206.089106892823,3.920884726182846e-16,
7209.737913888753,4.1285926936665173e-16,
7213.386974725711,4.3743792675514377e-16,
7217.036289379479,4.0466682213073663e-16,
7220.6858578284955,3.8524799546198743e-16,
7224.335680053864,3.790226150529193e-16,
7227.985756039343,3.953332727409602e-16,
7231.636085771356,3.965289052215887e-16,
7235.286669238983,4.216097987124021e-16,
7238.937506433966,3.9166447009948115e-16,
7242.588597350704,4.170556360890824e-16,
7246.23994198626,3.693605855278417e-16,
7249.891540340355,4.2151946368206793e-16,
7253.543392415371,3.822561787177233e-16,
7257.19549821635,3.9465278164716716e-16,
7260.84785775099,4.0029944410586183e-16,
7264.500471029655,4.0870452237821786e-16,
7268.153338065367,4.015685301150325e-16,
7271.806458873806,4.291364376735199e-16,
7275.459833473315,4.643668082534656e-16,
7279.1134618848955,4.4096694798499045e-16,
7282.767344132208,3.858803313643524e-16,
7286.4214802415745,4.140341067812777e-16,
7290.075870241978,4.281359286994354e-16,
7293.7305141650595,4.221672798293553e-16,
7297.385412045121,4.2739915369674253e-16,
7301.040563919124,4.1061356165142334e-16,
7304.695969826691,4.087180374169397e-16,
7308.351629810104,4.578860512110977e-16,
7312.007543914306,4.1808777327062526e-16,
7315.663712186896,4.554865470387518e-16,
7319.320134678139,4.430347069452274e-16,
7322.976811440956,4.121679379784273e-16,
7326.63374253093,4.3029188404317926e-16,
7330.290928006304,4.4290163606198123e-16,
7333.948367927978,4.295004146610073e-16,
7337.606062359516,4.3668383786052524e-16,
7341.26401136714,4.245333919980418e-16,
7344.922215019731,4.678601870297494e-16,
7348.580673388835,4.1054769499553535e-16,
7352.239386548652,4.125241727030517e-16,
7355.898354576044,4.1668286765261044e-16,
7359.557577550535,4.196325880175713e-16,
7363.217055554308,4.225170256925088e-16,
7366.876788672204,4.078710816263935e-16,
7370.536776991728,4.279701019312139e-16,
7374.197020603042,3.7648494541037846e-16,
7377.857519598967,4.1058962520948625e-16,
7381.518274074988,3.8116849004963105e-16,
7385.179284129247,4.1067255433318017e-16,
7388.840549862548,3.8618542725159683e-16,
7392.502071378353,3.7520041721786423e-16,
7396.163848782786,4.152761554389964e-16,
7399.825882184628,3.7366052303130994e-16,
7403.488171695326,4.2287578651837556e-16,
7407.15071742898,4.130110049106807e-16,
7410.813519502353,3.8211552590466786e-16,
7414.476578034871,3.811470395830487e-16,
7418.139893148615,3.809507411850605e-16,
7421.803464968329,3.8514506230199346e-16,
7425.467293621417,4.046675107465648e-16,
7429.131379237942,3.9688014084908573e-16,
7432.795721950628,3.7606345715510637e-16,
7436.460321894858,3.834200184876811e-16,
7440.125179208675,4.0875865246051663e-16,
7443.790294032784,4.1039323677445796e-16,
7447.455666510549,3.970087027887033e-16,
7451.121296787993,3.986113314710387e-16,
7454.787185013798,4.3287526809224434e-16,
7458.45333133931,4.2588872497795167e-16,
7462.1197359185335,3.975992859051221e-16,
7465.786398908131,3.9797420101582715e-16,
7469.453320467425,4.0699543285980517e-16,
7473.120500758403,3.9844301712860164e-16,
7476.787939945707,4.173115418065744e-16,
7480.45563819664,4.1620168710058334e-16,
7484.123595681169,4.207189437693814e-16,
7487.791812571917,3.914601173306937e-16,
7491.4602890441665,4.3520706624347963e-16,
7495.1290252758645,3.6969224632563533e-16,
7498.798021447614,3.9404447553038764e-16,
7502.467277742679,4.0954611736924436e-16,
7506.136794346983,4.1110767027238165e-16,
7509.806571449113,3.6548844502028096e-16,
7513.476609240313,4.09292985011789e-16,
7517.146907914485,4.057689372037995e-16,
7520.817467668197,4.518377111696392e-16,
7524.488288700672,4.0373354163666807e-16,
7528.159371213793,4.0678112981174265e-16,
7531.830715412108,4.720470042315011e-16,
7535.5023215028195,4.148184781219043e-16,
7539.174189695793,4.3833003205174745e-16,
7542.846320203553,3.984069471243533e-16,
7546.518713241285,3.9665953454745437e-16,
7550.191369026834,3.7318016793751015e-16,
7553.864287780703,3.6528613118459354e-16,
7557.53746972606,3.4917095873917154e-16,
7561.210915088729,3.549533398894714e-16,
7564.884624097194,3.3295896924894765e-16,
7568.558596982602,3.028407533652339e-16,
7572.232833978756,3.2800224665675665e-16,
7575.907335322123,3.7027789840874154e-16,
7579.582101251827,3.4822943466163655e-16,
7583.257132009655,3.310692057399639e-16,
7586.932427840051,3.1561556898115976e-16,
7590.607988990121,3.0736369883663074e-16,
7594.28381570963,3.2023523932580054e-16,
7597.959908251004,2.903438328270073e-16,
7601.636266869328,3.0573770281612214e-16,
7605.312891822348,2.5060232868327735e-16,
7608.989783370471,3.804360074225679e-16,
7612.666941776761,3.2648264543744516e-16,
7616.344367306943,2.753086116909749e-16,
7620.022060229404,2.668755909777773e-16,
7623.700020815189,2.939078593146871e-16,
7627.378249338007,3.381514061183543e-16,
7631.0567460742195,2.9580975475881644e-16,
7634.735511302855,2.8950921550575296e-16,
7638.414545305599,2.9252096525905866e-16,
7642.093848366797,2.956475428009953e-16,
7645.773420773456,2.8503679063251265e-16,
7649.453262815241,3.1107182830907375e-16,
7653.13337478448,3.325891507773043e-16,
7656.8137569761575,3.2643981691664645e-16,
7660.49440968792,2.7694413822906083e-16,
7664.175333220075,2.9316159941242117e-16,
7667.856527875588,2.4529667679988434e-16,
7671.537993960084,2.500003935109722e-16,
7675.219731781852,2.6839098622014633e-16,
7678.901741651837,2.7443537085201166e-16,
7682.584023883646,2.755552487887588e-16,
7686.266578793546,2.7471960426115976e-16,
7689.9494067004625,2.5002288342941343e-16,
7693.632507925983,2.9427016653757827e-16,
7697.315882794354,2.896231009052169e-16,
7700.999531632482,2.5910140400734245e-16,
7704.6834547699345,2.6474029159837294e-16,
7708.367652538937,2.511556381825512e-16,
7712.052125274378,3.1808979736518564e-16,
7715.736873313804,3.439287143005047e-16,
7719.421896997421,2.6327903283768984e-16,
7723.107196668097,3.005353168826911e-16,
7726.792772671358,3.0894111708358507e-16,
7730.478625355392,3.2310964311574795e-16,
7734.164755071047,3.1419072410481327e-16,
7737.851162171829,2.907471334608832e-16,
7741.537847013905,2.867580370478207e-16,
7745.224809956103,3.509789115057442e-16,
7748.91205135991,2.861084494091298e-16,
7752.599571589473,3.12911474353059e-16,
7756.2873710116,3.1209167774847694e-16,
7759.975449995759,3.5351334943333275e-16,
7763.663808914076,3.3642070150595654e-16,
7767.352448141341,3.4312089390576535e-16,
7771.041368054998,3.235364801442517e-16,
7774.730569035159,3.3418103672523155e-16,
7778.420051464587,3.205168895131638e-16,
7782.109815728712,3.5089966921078243e-16,
7785.799862215624,3.44286352942806e-16,
7789.4901913160675,3.100243945354674e-16,
7793.180803423451,3.21039904612689e-16,
7796.871698933844,3.227859314603943e-16,
7800.562878245973,3.482689784221075e-16,
7804.254341761226,3.092453973402085e-16,
7807.946089883651,2.9674818219380583e-16,
7811.638123019958,3.503793731971627e-16,
7815.330441579513,3.5569085637726867e-16,
7819.023045974344,3.292234963712276e-16,
7822.715936619141,3.1530327690602843e-16,
7826.40911393125,3.305257110640791e-16,
7830.102578330682,3.2036179435077834e-16,
7833.796330240104,3.100141811920278e-16,
7837.490370084844,3.6031979073060293e-16,
7841.18469829289,3.6061979061723773e-16,
7844.879315294892,3.487226629417753e-16,
7848.574221524158,3.855729946217652e-16,
7852.269417416656,3.4176158794308785e-16,
7855.964903411015,3.6409896504604747e-16,
7859.6606799485235,3.2961214008862872e-16,
7863.356747473131,3.73947759457132e-16,
7867.0531064314455,3.6624258748102966e-16,
7870.749757272735,3.4618199941911406e-16,
7874.446700448931,3.864094215669727e-16,
7878.143936414619,3.588273870326713e-16,
7881.841465627051,3.2742949177005992e-16,
7885.539288546133,3.3178768400474324e-16,
7889.237405634436,3.4367747976442267e-16,
7892.935817357189,3.334296415918943e-16,
7896.634524182281,3.306669200556918e-16,
7900.33352658026,3.316826611586089e-16,
7904.0328250243365,3.440786124409682e-16,
7907.73241999038,3.26256846033e-16,
7911.432311956918,3.9286582723919e-16,
7915.132501405142,3.276285908833553e-16,
7918.832988818899,2.683817409109176e-16,
7922.5337746847,3.462335851417929e-16,
7926.234859491715,3.1324446182960655e-16,
7929.936243731772,3.2301648050373814e-16,
7933.637927899361,3.6887168002271053e-16,
7937.339912491632,3.5492998246585345e-16,
7941.042198008396,3.488928873358649e-16,
7944.744784952119,3.5113018711509146e-16,
7948.447673827934,3.2632292899144046e-16,
7952.150865143629,3.4211980319059044e-16,
7955.8543594096545,3.493560137341791e-16,
7959.55815713912,3.314275602261804e-16,
7963.262258847797,3.6892836577819704e-16,
7966.966665054113,3.2667375551596927e-16,
7970.67137627916,3.584974276516895e-16,
7974.376393046687,3.475724845384817e-16,
7978.081715883103,3.3985801270879376e-16,
7981.787345317482,3.206210779074065e-16,
7985.493281881549,3.5136154267783047e-16,
7989.199526109698,3.3970730433984633e-16,
7992.906078538977,3.429551602152685e-16,
7996.612939709099,2.9523521441291306e-16,
8000.320110162432,3.239791966830104e-16,
8004.027590444006,3.01572767399763e-16,
8007.735381101514,3.3666608454481614e-16,
8011.443482685304,3.346887577165353e-16,
8015.151895748388,3.2885157843813777e-16,
8018.860620846436,3.722159869676264e-16,
8022.569658537779,3.131706550117604e-16,
8026.279009383406,3.3837085697078636e-16,
8029.988673946971,3.2554591250740467e-16,
8033.698652794782,3.1496789015118934e-16,
8037.408946495811,3.425585125745421e-16,
8041.119555621688,2.892885867306642e-16,
8044.830480746704,3.136868361104527e-16,
8048.541722447811,3.1849358330180973e-16,
8052.253281304618,3.644076063516501e-16,
8055.965157899398,3.4480258949360763e-16,
8059.677352817082,3.024781955941731e-16,
8063.38986664526,3.8022173031288287e-16,
8067.1026999741825,3.5618424636049903e-16,
8070.815853396763,3.2852798607737303e-16,
8074.5293275085705,3.1383200653412615e-16,
8078.2431229078375,3.216147428097186e-16,
8081.957240195455,3.171577906454853e-16,
8085.671679974975,3.1285405524435204e-16,
8089.386442852608,3.4504821531706265e-16,
8093.101529437225,3.4043252899124957e-16,
8096.816940340359,3.363328229939032e-16,
8100.532676176201,3.325563915925191e-16,
8104.248737561602,2.9530301924072684e-16,
8107.965125116074,3.371845680800206e-16,
8111.681839461789,3.6328778453489943e-16,
8115.398881223578,2.7309414736665944e-16,
8119.116251028934,3.1336142168157256e-16,
8122.833949508008,3.3324105603344395e-16,
8126.551977293611,3.329396263985043e-16,
8130.270335021217,2.9953895777309726e-16,
8133.989023328956,2.983644241032823e-16,
8137.708042857621,2.6926945792477974e-16,
8141.427394250663,2.740082762880573e-16,
8145.147078154196,2.6226022113765477e-16,
8148.8670952169905,2.6218375212837746e-16,
8152.587446090478,2.97376956573607e-16,
8156.308131428753,2.6523705649074963e-16,
8160.029151888566,2.8402518278472394e-16,
8163.750508129331,2.683205763395743e-16,
8167.472200813118,2.936108784996067e-16,
8171.194230604661,2.516928763927633e-16,
8174.916598171352,2.888794943336191e-16,
8178.639304183243,2.68548660046194e-16,
8182.362349313049,2.920038750121969e-16,
8186.085734236139,2.8269795380935913e-16,
8189.809459630547,2.99999761263852e-16,
8193.533526176967,2.7824930006450103e-16,
8197.25793455875,3.01251520577308e-16,
8200.982685461908,2.589204987936545e-16,
8204.707779575117,2.8518483077418504e-16,
8208.433217589707,3.1781331787197856e-16,
8212.159000199672,3.3126761549886883e-16,
8215.885128101665,3.133863639558684e-16,
8219.611601994999,2.969627116719741e-16,
8223.338422581644,2.92074058950037e-16,
8227.065590566239,2.574623303757741e-16,
8230.793106656072,2.7210674698164565e-16,
8234.5209715611,2.975277840223706e-16,
8238.249185993931,2.9529652747689345e-16,
8241.977750669843,3.0197683207510976e-16,
8245.706666306769,3.046087096097737e-16,
8249.4359336253,3.111949327392995e-16,
8253.16555334869,3.0519585779124717e-16,
8256.895526202852,2.709775111211487e-16,
8260.625852916362,3.1903469175717763e-16,
8264.356534220451,3.039431368965557e-16,
8268.087570849013,3.0760045196399226e-16,
8271.818963538602,2.806396201654302e-16,
8275.550713028431,2.843288147811462e-16,
8279.282820060374,3.0382048121142385e-16,
8283.015285378966,3.003047860565552e-16,
8286.7481097314,3.2543372342235315e-16,
8290.481293867526,2.282262244000394e-16,
8294.214838539865,2.610681972643793e-16,
8297.948744503585,2.517974258388713e-16,
8301.683012516523,2.5079936078498634e-16,
8305.417643339171,2.718336268634517e-16,
8309.152637734685,3.056616472532676e-16,
8312.887996468879,2.848072306918012e-16,
8316.623720310226,2.407902710532222e-16,
8320.35981002986,2.099581589935657e-16,
8324.096266401575,2.5698335634189724e-16,
8327.833090201826,2.5874425450811733e-16,
8331.570282209728,2.18949909602022e-16,
8335.307843207054,1.7043232958708751e-16,
8339.04577397824,2.8121208438146734e-16,
8342.78407531038,2.7338567362044146e-16,
8346.522747993225,2.9271047492622414e-16,
8350.261792819194,2.923535659360076e-16,
8354.00121058336,2.0322445570000042e-16,
8357.741002083458,2.306929908817084e-16,
8361.48116811988,2.0482976581901012e-16,
8365.221709495685,1.8228397348446984e-16,
8368.962627016585,2.0192938237713516e-16,
8372.703921490955,1.7531769745776732e-16,
8376.44559372983,2.208079567617701e-16,
8380.187644546906,2.134524166142357e-16,
8383.930074758537,1.6838067988261527e-16,
8387.672885183736,1.8451776032432589e-16,
8391.416076644182,1.399150889676153e-16,
8395.159649964207,2.2486498888949187e-16,
8398.903605970807,2.34776012400867e-16,
8402.647945493638,1.9238117918271852e-16,
8406.392669365016,1.4775167688845634e-16,
8410.137778419912,1.785511264516591e-16,
8413.883273495963,1.777228815754134e-16,
8417.629155433468,2.1974694765272826e-16,
8421.37542507538,2.036155219009459e-16,
8425.122083267312,1.6877927948708773e-16,
8428.86913085754,1.8963723873613063e-16,
8432.616568697003,1.7561775073789338e-16,
8436.364397639294,1.417689421774823e-16,
8440.11261854067,2.625221352283632e-16,
8443.861232260044,2.1894404084539965e-16,
8447.610239658994,2.1833259144796222e-16,
8451.359641601755,1.9593798621413945e-16,
8455.109438955224,2.42178056601835e-16,
8458.859632588954,2.535952274032271e-16,
8462.610223375164,2.500638880230612e-16,
8466.361212188727,2.810367423598171e-16,
8470.112599907181,2.3868672787181473e-16,
8473.86438741072,2.83000019139028e-16,
8477.616575582202,2.9613992812423587e-16,
8481.369165307144,2.5769643771837615e-16,
8485.12215747372,2.476613909192604e-16,
8488.875552972764,2.339513418225659e-16,
8492.629352697777,2.8533522358208104e-16,
8496.383557544912,2.749309352973017e-16,
8500.138168412986,2.793248951791472e-16,
8503.893186203477,2.4500105946834714e-16,
8507.64861182052,2.631645223805153e-16,
8511.40444617091,2.777245655932336e-16,
8515.160690164106,2.6043823225385333e-16,
8518.917344712225,2.5738425394540447e-16,
8522.674410730038,2.952928715516141e-16,
8526.431889134989,2.6382092537004346e-16,
8530.189780847171,2.9703055915800144e-16,
8533.94808678934,2.804801661390165e-16,
8537.706807886914,3.039583212629456e-16,
8541.46594506797,2.992120331215662e-16,
8545.225499263242,2.7602395950072695e-16,
8548.985471406131,3.047283016206635e-16,
8552.745862432692,2.3763602177813383e-16,
8556.506673281643,3.1979560230621025e-16,
8560.26790489436,2.581616603646521e-16,
8564.029558214877,2.9436794307465003e-16,
8567.791634189896,2.952418341811289e-16,
8571.554133768774,3.0705138177748425e-16,
8575.317057903523,3.12463234956194e-16,
8579.080407548827,3.2774967337291587e-16,
8582.844183662019,3.163017785891909e-16,
8586.608387203096,3.0715499692847235e-16,
8590.373019134717,3.46128049572752e-16,
8594.138080422199,3.751654699588516e-16,
8597.90357203352,3.3648011732350946e-16,
8601.669494939317,3.414307317375688e-16,
8605.435850112886,3.768723999254953e-16,
8609.202638530189,3.7773314746332246e-16,
8612.969861169839,3.4801139888449886e-16,
8616.737519013113,3.9004782073136137e-16,
8620.505613043953,3.830896754784177e-16,
8624.274144248957,3.7360004516084656e-16,
8628.043113617377,3.7285337423018616e-16,
8631.812522141137,4.2996247849592007e-16,
8635.582370814811,3.7539974378854743e-16,
8639.352660635639,4.034876169172586e-16,
8643.123392603517,4.0755734835004934e-16,
8646.894567721005,4.237566286097114e-16,
8650.66618699332,4.473643727891079e-16,
8654.43825142834,4.2054799339313083e-16,
8658.210762036606,4.704510194537735e-16,
8661.98371983131,4.04225698088633e-16,
8665.757125828317,4.122076988608808e-16,
8669.530981046142,4.2762809039569934e-16,
8673.305286505962,4.6438860310024e-16,
8677.080043231617,4.2836199298387136e-16,
8680.855252249607,4.874630022210593e-16,
8684.630914589088,4.464045877095378e-16,
8688.40703128188,4.642945587632399e-16,
8692.18360336246,4.2521471617269484e-16,
8695.960631867969,4.693901104018731e-16,
8699.738117838202,3.938325017344554e-16,
8703.51606231562,4.527896086890136e-16,
8707.294466345344,4.731652970886014e-16,
8711.073330975149,4.2835205321892195e-16,
8714.852657255475,4.678973948420339e-16,
8718.63244623942,4.185002113952041e-16,
8722.412698982745,4.450382185785212e-16,
8726.193416543869,4.611687002357234e-16,
8729.974599983869,4.2246065638464825e-16,
8733.756250366483,4.459999354573207e-16,
8737.538368758114,4.1690930326282034e-16,
8741.320956227819,4.186433336647717e-16,
8745.104013847316,4.4308830372160434e-16,
8748.887542690987,4.364376713430111e-16,
8752.67154383587,4.1980140008034537e-16,
8756.456018361663,4.3227819234836286e-16,
8760.240967350726,4.16324110798585e-16,
8764.026391888081,4.963814909704419e-16,
8767.812293061403,4.722912485923733e-16,
8771.598671961036,3.2395683995344273e-16,
8775.385529679974,4.68858868814926e-16,
8779.172867313882,4.507932784405829e-16,
8782.960685961078,4.886727723784907e-16,
8786.74898672254,4.112659037093382e-16,
8790.537770701909,4.581344620198993e-16,
8794.327039005484,4.194370834034676e-16,
8798.116792742227,4.298873802265476e-16,
8801.907033023756,4.849536692763298e-16,
8805.697760964349,4.2959773114887714e-16,
8809.48897768095,4.1944988665451793e-16,
8813.280684293157,4.3371333482965e-16,
8817.072881923228,4.215570198919246e-16,
8820.865571696087,3.6804982146198864e-16,
8824.658754739312,4.589148613162354e-16,
8828.452432183141,4.2840025016412125e-16,
8832.246605160479,4.878885423101e-16,
8836.041274806883,5.038828482907152e-16,
8839.836442260575,3.303314875712551e-16,
8843.632108662432,3.9650257832091377e-16,
8847.428275155999,3.734907410285957e-16,
8851.224942887473,4.0136359030138823e-16,
8855.022113005716,3.5607235717240086e-16,
8858.819786662249,3.700996396469807e-16,
8862.61796501125,3.696762427090899e-16,
8866.416649209561,3.389257104016462e-16,
8870.215840416684,3.7757766264598827e-16,
8874.015539794778,3.7404568308846644e-16,
8877.815748508665,3.749745225423849e-16,
8881.616467725824,3.9999463880254826e-16,
8885.417698616397,3.3253348078663983e-16,
8889.219442353186,3.6834191399378734e-16,
8893.021700111649,3.246531595265076e-16,
8896.824473069908,2.994493841310046e-16,
8900.627762408747,3.43516542150365e-16,
8904.431569311602,3.596790882435147e-16,
8908.235894964579,2.843930819833821e-16,
8912.040740556435,2.8839797974156555e-16,
8915.846107278594,3.7712427335059486e-16,
8919.651996325136,3.322260149512315e-16,
8923.4584088928,2.860424179523222e-16,
8927.265346180993,2.178345916260606e-16,
8931.072809391771,2.8070607545284954e-16,
8934.880799729859,3.379757306514104e-16,
8938.689318402636,3.471248389562067e-16,
8942.498366620144,3.5532028697093976e-16,
8946.307945595086,3.3976546410446777e-16,
8950.118056542822,3.237032095902952e-16,
8953.928700681374,3.0250732651901823e-16,
8957.739879231423,3.7054399895921185e-16,
8961.551593416312,3.1370866353932416e-16,
8965.363844462043,2.411594081401518e-16,
8969.176633597275,2.9439114827347874e-16,
8972.989962053334,2.8687994912793345e-16,
8976.803831064199,2.8382611396857613e-16,
8980.618241866512,2.9643542445289935e-16,
8984.433195699576,2.988193771408254e-16,
8988.248693805352,3.022367634411211e-16,
8992.064737428462,3.258558018908486e-16,
8995.88132781619,2.9703664552680787e-16,
8999.698466218477,2.943692866614784e-16,
9003.516153887924,2.766545968025558e-16,
9007.334392079794,3.1985590581544604e-16,
9011.15318205201,3.187460756410474e-16,
9014.972525065155,3.193437227274162e-16,
9018.792422382468,2.7042069608644126e-16,
9022.612875269855,2.6594376406346345e-16,
9026.433884995879,2.5867492266179066e-16,
9030.255452831758,2.557794383209406e-16,
9034.077580051378,2.998844052763662e-16,
9037.90026793128,2.782495471634394e-16,
9041.723517750668,3.1815708314364286e-16,
9045.547330791404,2.391481902732621e-16,
9049.37170833801,2.8913987041004455e-16,
9053.19665167767,2.1979385116482421e-16,
9057.022162100227,3.0519368272872274e-16,
9060.848240898182,3.1460224792310655e-16,
9064.6748893667,3.4503812535737773e-16,
9068.502108803603,3.13379715036016e-16,
9072.329900509374,3.23078798576269e-16,
9076.158265787155,2.466976701351313e-16,
9079.98720594275,2.6827847174776277e-16,
9083.816722284624,2.761104256667739e-16,
9087.646816123897,2.587693070047651e-16,
9091.477488774355,3.3974773174971524e-16,
9095.308741552439,3.6265245517822437e-16,
9099.140575777252,2.579422039457912e-16,
9102.97299277056,2.9912668324424737e-16,
9106.805993856784,2.367586776635326e-16,
9110.63958036301,2.8615207391833384e-16,
9114.473753618977,2.2608408678753556e-16,
9118.308514957092,2.310626124772835e-16,
9122.14386571242,2.6960165826233174e-16,
9125.97980722268,2.7768319001408553e-16,
9129.81634082826,2.66723468236362e-16,
9133.6534678722,2.2674509058449183e-16,
9137.491189700208,2.609649257283427e-16,
9141.329507660643,1.8013146538051602e-16,
9145.168423104531,1.8940419630896133e-16,
9149.007937385557,2.6493864032680946e-16,
9152.848051860065,2.458865241871426e-16,
9156.688767887055,1.8651041690339162e-16,
9160.530086828197,2.1810982111368192e-16,
9164.37201004781,2.0388988850235188e-16,
9168.21453891288,2.7531956130760133e-16,
9172.057674793054,2.1630464435124137e-16,
9175.90141906063,2.407906452856053e-16,
9179.745773090577,2.452912503265955e-16,
9183.590738260518,2.2730274401502286e-16,
9187.436315950737,2.0181778142733334e-16,
9191.282507544178,2.2478687100360395e-16,
9195.129314426447,2.769202788530211e-16,
9198.976737985806,2.4091233783001397e-16,
9202.824779613182,2.636236740697241e-16,
9206.673440702158,2.824997778787623e-16,
9210.522722648979,2.8062665037267096e-16,
9214.37262685255,2.448278550426402e-16,
9218.223154714435,2.2270540619953224e-16,
9222.074307638859,2.493859347598797e-16,
9225.926087032707,2.3591531361721755e-16,
9229.778494305525,2.242724947506512e-16,
9233.631530869514,2.6804227834244906e-16,
9237.485198139542,2.9701992704881284e-16,
9241.339497533134,2.8349494784228063e-16,
9245.194430470474,2.798886689931903e-16,
9249.049998374407,2.8797191910962095e-16,
9252.90620267044,2.781631193595357e-16,
9256.763044786734,3.4741626085925325e-16,
9260.620526154118,3.116959249895505e-16,
9264.478648206075,3.551876787018491e-16,
9268.33741237875,3.485820807787739e-16,
9272.196820110952,3.7499639399707926e-16,
9276.056872844143,3.1074280229534536e-16,
9279.917572022448,4.1166368559526295e-16,
9283.778919092654,3.6002787827714414e-16,
9287.640915504207,4.2733328183121066e-16,
9291.503562709211,3.559689449385688e-16,
9295.366862162431,3.2899509861191307e-16,
9299.230815321294,3.5323760927577095e-16,
9303.095423645886,2.843201838514431e-16,
9306.960688598952,3.2038581429716515e-16,
9310.826611645896,2.6566830819664577e-16,
9314.693194254787,4.322122869222259e-16,
9318.56043789635,2.2214372854029155e-16,
9322.428344043969,3.1066481878553303e-16,
9326.296914173692,2.6016595756004605e-16,
9330.166149764224,2.5161113952893566e-16,
9334.03605229693,2.4653479344593377e-16,
9337.906623255838,1.6167838556687815e-16,
9341.777864127633,1.6274017709584972e-16,
9345.64977640166,2.001702419635708e-16,
9349.522361569929,1.398095557789979e-16,
9353.395621127102,2.444083793986134e-16,
9357.269556570507,2.3603225219184337e-16,
9361.144169400131,2.3545861799225535e-16,
9365.01946111862,2.2645583512814394e-16,
9368.89543323128,1.8230966222122056e-16,
9372.772087246076,2.2690658829109712e-16,
9376.649424673638,2.3417713028783914e-16,
9380.527447027249,2.6302840456047673e-16,
9384.406155822859,3.080158175977788e-16,
9388.285552579071,3.061078389974646e-16,
9392.165638817154,1.9231438199385626e-16,
9396.046416061034,1.2938644566059229e-16,
9399.927885837298,3.0170429193092557e-16,
9403.810049675192,2.4495879154759197e-16,
9407.692909106625,2.729790872887317e-16,
9411.576465666161,2.9712032928171673e-16,
9415.46072089103,3.848383653724548e-16,
9419.345676321114,2.851863339258396e-16,
9423.231333498967,3.103786772207437e-16,
9427.11769396979,3.707954974329782e-16,
9431.004759281454,2.008636644042704e-16,
9434.892530984484,3.134172482050532e-16,
9438.781010632069,2.5843189437264806e-16,
9442.670199780052,3.1462346489256404e-16,
9446.560099986946,1.500680352875672e-16,
9450.450712813916,2.146178253901741e-16,
9454.342039824787,3.8735584115095083e-16,
9458.23408258605,3.651217526551487e-16,
9462.12684266685,1.8205974151256623e-16,
9466.020321638998,1.600333353026614e-16,
9469.914521076957,2.442189298636815e-16,
9473.809442557857,2.870894389931334e-16,
9477.705087661485,2.1321833673940065e-16,
9481.60145797029,2.893269423136419e-16,
9485.498555069376,2.490527602955669e-16,
9489.396380546517,1.0849426067469029e-16,
9493.294935992135,1.949910354950862e-16,
9497.194222999322,2.1140842373274434e-16,
9501.094243163821,2.4968496742879854e-16,
9504.994998084047,1.7686327339456208e-16,
9508.896489361061,1.4767645655129912e-16,
9512.798718598595,1.4321518203016403e-16,
9516.701687403036,2.0870071790340945e-16,
9520.605397383433,2.2908004855759023e-16,
9524.509850151493,2.74491333717902e-16,
9528.415047321585,2.599748854439636e-16,
9532.320990510736,2.831003507265539e-16,
9536.227681338636,1.9432064648497852e-16,
9540.135121427633,3.2724784761425485e-16,
9544.043312402733,2.311772481269173e-16,
9547.952255891609,1.855577048557161e-16,
9551.861953524585,2.2167238032467787e-16,
9555.772406934653,2.5855767637537492e-16,
9559.683617757459,2.3071928326883874e-16,
9563.595587631313,1.8464182497751213e-16,
9567.508318197182,9.912712774842764e-17,
9571.421811098699,9.833929940488316e-17,
9575.336067982147,2.148060179312579e-16,
9579.251090496478,2.8121908150642607e-16,
9583.1668802933,3.59775238900231e-16,
9587.083439026885,2.5291377921742904e-16,
9591.000768354157,2.623739717481175e-16,
9594.918869934707,2.5251366775376345e-16,
9598.837745430785,1.8746831884869012e-16,
9602.757396507299,2.2837143254233776e-16,
9606.677824831817,2.660019190689384e-16,
9610.599032074571,3.205501611686e-16,
9614.521019908449,2.6683365941088106e-16,
9618.443790009,2.0559595002650722e-16,
9622.367344054432,2.700618107203481e-16,
9626.291683725616,2.0919851472025407e-16,
9630.21681070608,2.2323049796880666e-16,
9634.142726682017,2.9230849527930097e-16,
9638.069433342273,2.2947417288212555e-16,
9641.996932378357,3.163321566503348e-16,
9645.92522548444,2.721172635718005e-16,
9649.854314357352,2.8120001937908227e-16,
9653.784200696582,2.4956054418633273e-16,
9657.71488620428,2.1745344745635285e-16,
9661.646372585254,2.850471700521906e-16,
9665.578661546977,2.373708377453257e-16,
9669.511754799576,2.7761334739083893e-16,
9673.445654055842,2.7414181928737616e-16,
9677.380361031226,2.624667828383796e-16,
9681.315877443836,2.75971331600505e-16,
9685.252205014443,2.6014839427416705e-16,
9689.189345466477,1.9878074802398226e-16,
9693.127300526028,3.530525819791487e-17,
