wave,flux,flux_err
obswave,flux,
3776.7,1.5425897797066432e-16,
3802.3,2.336990507915057e-16,
3827.9,1.3896511353562699e-16,
3853.4,2.0080073808592182e-16,
3879.0,1.4677708745568204e-16,
3904.6,1.9056815252866663e-16,
3930.1,1.3863503013055424e-16,
3955.7,1.4479658702524556e-16,
3981.3,2.3710991264392416e-16,
4006.8,3.0939817835485596e-16,
4032.4,2.654970854801805e-16,
4058.0,2.559246667330708e-16,
4083.6,2.5724500035336176e-16,
4109.1,2.616461124209984e-16,
4134.7,2.1334390747868628e-16,
4160.3,2.7914053288985406e-16,
4185.8,2.2610713247483254e-16,
4211.4,2.4129096910817894e-16,
4237.0,2.4426171975383367e-16,
4262.6,2.2203610381226863e-16,
4288.1,2.310583835509237e-16,
4313.7,1.9573945920813967e-16,
4339.3,2.1400407428883174e-16,
4364.8,2.2896785531879634e-16,
4390.4,1.8990798571852114e-16,
4416.0,2.0828262860090413e-16,
4441.6,2.1125337924655886e-16,
4467.1,2.2500685445792334e-16,
4492.7,2.3997063548788795e-16,
4518.3,2.465723035893429e-16,
4543.8,2.59555584188871e-16,
4569.4,3.77615415403224e-16,
4595.0,2.839817561642544e-16,
4620.5,3.2227143115269317e-16,
4646.1,2.9465445292827323e-16,
4671.7,3.1886056930027477e-16,
4697.3,3.0433689947707387e-16,
4722.8,3.0158620443480096e-16,
4748.4,3.2678257102202076e-16,
4774.0,2.7550961543405384e-16,
4799.5,2.827714503456543e-16,
4825.1,2.6318650164467123e-16,
4850.7,2.414009969098699e-16,
4876.3,2.5427424970770703e-16,
4901.8,2.5526449992292524e-16,
4927.4,2.890430350420365e-16,
4953.0,2.919037578860003e-16,
4978.5,3.325040167099484e-16,
5004.1,3.512087429974041e-16,
5029.7,4.018215317752255e-16,
5055.3,3.8399702790129706e-16,
5080.8,3.5098868739402226e-16,
5106.4,3.0356670486523743e-16,
5132.0,3.25132153996657e-16,
5157.5,2.9949567620267355e-16,
5183.1,3.0367673266692832e-16,
5208.7,2.745193652188356e-16,
5234.2,2.924538968944549e-16,
5259.8,2.953146197384187e-16,
5285.4,3.045569550804557e-16,
5311.0,2.730890037968537e-16,
5336.5,2.835416449574907e-16,
5362.1,3.0719762232103766e-16,
5387.7,2.8244136694058157e-16,
5413.2,3.019162878398737e-16,
5438.8,2.9432436952320046e-16,
5464.4,3.0994831736331057e-16,
5490.0,3.6771291325104147e-16,
5515.5,3.820165274708606e-16,
5541.1,4.420917071941008e-16,
5566.7,4.133744509527717e-16,
5592.2,3.7750538760153304e-16,
5617.8,3.7629508178293295e-16,
5643.4,3.7596499837786023e-16,
5668.9,3.649622182087686e-16,
5694.5,3.529691878244588e-16,
5720.1,3.2447198718651147e-16,
5745.7,2.9542464754010966e-16,
5771.2,2.861823121980727e-16,
5796.8,3.3195387770149375e-16,
5822.4,3.6111124514958655e-16,
5847.9,4.019315595769164e-16,
5873.5,4.288883709911908e-16,
5899.1,4.524343205530469e-16,
5924.7,4.650875177475022e-16,
5950.2,4.626669061103021e-16,
5975.8,4.666279069711751e-16,
6001.4,4.592560442578838e-16,
6026.9,4.3130898262839095e-16,
6052.5,4.2481734232862697e-16,
6078.1,3.8586750053004265e-16,
6103.7,3.6771291325104147e-16,
6129.2,3.602310227360592e-16,
6154.8,3.484580479551312e-16,
6180.4,3.378953789928032e-16,
6205.9,3.4603743631793105e-16,
6231.5,3.6188143976142294e-16,
6257.1,3.5682016088364084e-16,
6282.6,3.483480201534403e-16,
6308.2,3.483480201534403e-16,
6333.8,3.409761574401489e-16,
6359.4,3.3723521218265773e-16,
6384.9,3.2942323826260273e-16,
6410.5,3.326140445116393e-16,
6436.1,3.472477421365311e-16,
6461.6,3.5010846498049493e-16,
6487.2,3.3525471175222126e-16,
6512.8,3.3195387770149375e-16,
6538.4,3.2502212619496607e-16,
6563.9,3.317338220981119e-16,
6589.5,3.4185637985367627e-16,
6615.1,3.550597160565862e-16,
6640.6,3.7662516518800567e-16,
6666.2,3.860875561334245e-16,
6691.8,3.8509730591820626e-16,
6717.4,3.7662516518800567e-16,
6742.9,3.6859313566456884e-16,
6768.5,3.8113630505733327e-16,
6794.1,3.7739535979984215e-16,
6819.6,3.5230902101431324e-16,
6845.2,3.437268524824218e-16,
6870.8,3.3008340507274817e-16,
6896.3,3.129190680089653e-16,
6921.9,3.0092603762465547e-16,
6947.5,3.0983828956161967e-16,
6973.1,3.301934328744391e-16,
6998.6,3.4933827036865855e-16,
7024.2,3.680429966561143e-16,
7049.8,3.7079369169838714e-16,
7075.3,3.772853319981512e-16,
7100.9,3.659524684239868e-16,
7126.5,3.608911895462047e-16,
7152.1,3.538494102379861e-16,
7177.6,3.551697438582771e-16,
7203.2,3.608911895462047e-16,
7228.8,3.572602720904045e-16,
7254.3,3.602310227360592e-16,
7279.9,3.6980344148316893e-16,
7305.5,3.7695524859307844e-16,
7331.1,3.7222405312036906e-16,
7356.6,3.661725240273687e-16,
7382.2,3.492282425669676e-16,
7407.8,3.4075610183676707e-16,
7433.3,3.459274085162401e-16,
7458.9,3.699134692848598e-16,
7484.5,3.6419202359693223e-16,
7510.0,3.431767134739672e-16,
7535.6,3.1886056930027477e-16,
7561.2,2.993856484009826e-16,
7586.8,2.871725624132909e-16,
7612.3,2.7077841996134446e-16,
7637.9,2.5669486134490716e-16,
7663.5,2.690179751342898e-16,
7689.0,2.7209875358163544e-16,
7714.6,2.691280029359807e-16,
7740.2,2.8101100551859965e-16,
7765.8,2.9641489775532787e-16,
7791.3,2.971850923671643e-16,
7816.9,2.89703201852182e-16,
7842.5,2.91023535472473e-16,
7868.0,2.861823121980727e-16,
7893.6,2.879427570251274e-16,
7919.2,2.9212381348938215e-16,
7944.7,2.8530208978454536e-16,
7970.3,2.8222131133719974e-16,
7995.9,2.938842583164368e-16,
8021.5,2.861823121980727e-16,
8047.0,2.678076693156897e-16,
8072.6,2.6439680746327133e-16,
8098.2,2.56914916948289e-16,
8123.7,2.506433322519068e-16,
8149.3,2.4811269281301573e-16,
8174.9,2.470124147961066e-16,
8200.5,2.3821019066083326e-16,
8226.0,2.3226868936952384e-16,
8251.6,2.3512941221348764e-16,
8277.2,2.487728596231612e-16,
8302.7,2.3898038527266974e-16,
8328.3,2.0608207256708578e-16,
8353.9,1.8979795791683023e-16,
8379.5,1.8044559477310236e-16,
8405.0,1.7230353744797456e-16,
8430.6,1.7912526115281135e-16,
8456.2,1.944191255878487e-16,
8481.7,2.0850268420428594e-16,
8507.3,2.2159599260550497e-16,
8532.9,2.409608857031062e-16,
8558.4,2.6945808634105348e-16,
8584.0,2.958647587468733e-16,
8609.6,3.1688006886983825e-16,
8635.2,3.3734523998434867e-16,
8660.7,3.4691765873145837e-16,
8686.3,3.615513563563502e-16,
8711.9,3.791558046268968e-16,
8737.4,3.794858880319695e-16,
8763.0,3.80146054842115e-16,
8788.6,3.799259992387332e-16,
8814.2,3.532992712295315e-16,
8839.7,3.100583451650015e-16,
8865.3,2.8871295163696376e-16,
8890.9,2.879427570251274e-16,
8916.4,2.820012557338179e-16,
8942.0,2.656071132818714e-16,
8967.6,2.6186616802438025e-16,
8993.2,2.5724500035336176e-16,
9018.7,2.361196624287059e-16,
9044.3,2.2522691006130517e-16,
9069.9,2.218160482088868e-16,
9095.4,2.2555699346637794e-16,
9121.0,2.191753809683048e-16,
9146.6,2.1576451911588641e-16,
9172.1,2.204957145885958e-16,
9197.7,2.3799013505745143e-16,
9223.3,2.4822272061470667e-16,
