wave,flux,flux_err
obswave,flux,
3776.7,3.540503215724251e-16,
3802.3,4.3042540449157157e-16,
3827.9,3.246900510030045e-16,
3853.4,2.402552859667622e-16,
3879.0,2.192425433043337e-16,
3904.6,2.9417839727399877e-16,
3930.1,3.2497789679290077e-16,
3955.7,2.902445048120829e-16,
3981.3,4.271631522060804e-16,
4006.8,5.723333789104379e-16,
4032.4,4.805105719335244e-16,
4058.0,5.762672713723537e-16,
4083.6,5.307876365687413e-16,
4109.1,5.450839774669233e-16,
4134.7,5.136128377715967e-16,
4160.3,5.317471225350623e-16,
4185.8,5.020990061757454e-16,
4211.4,5.105424826793697e-16,
4237.0,4.81182212109949e-16,
4262.6,4.763847822783444e-16,
4288.1,4.3858103520529955e-16,
4313.7,4.754252963120235e-16,
4339.3,4.26779357819552e-16,
4364.8,4.730265813962211e-16,
4390.4,3.956920125107537e-16,
4416.0,4.1056404498872823e-16,
4441.6,4.3858103520529955e-16,
4467.1,4.177601897361352e-16,
4492.7,5.074721275871427e-16,
4518.3,5.133249919817004e-16,
4543.8,5.256064123506084e-16,
4569.4,5.519922764244341e-16,
4595.0,5.794335750612128e-16,
4620.5,6.135912754622381e-16,
4646.1,6.4611784972051785e-16,
4671.7,6.120560979161246e-16,
4697.3,6.366189386539406e-16,
4722.8,5.947853505223478e-16,
4748.4,6.062032335215669e-16,
4774.0,5.630263650371248e-16,
4799.5,5.287727160394674e-16,
4825.1,5.474826923827257e-16,
4850.7,5.179305246200408e-16,
4876.3,5.006597772262641e-16,
4901.8,5.476745895759899e-16,
4927.4,5.431650055342815e-16,
4953.0,5.560221174829819e-16,
4978.5,6.31917457418968e-16,
5004.1,6.635804943075588e-16,
5029.7,6.615655737782849e-16,
5055.3,6.740388913404571e-16,
5080.8,6.46309746913782e-16,
5106.4,5.89891972094111e-16,
5132.0,5.736766592632872e-16,
5157.5,5.947853505223478e-16,
5183.1,5.669602574990406e-16,
5208.7,5.71373892944117e-16,
5234.2,5.604357529280583e-16,
5259.8,5.719495845239095e-16,
5285.4,5.655210285495592e-16,
5311.0,5.164912956705595e-16,
5336.5,5.879730001614692e-16,
5362.1,6.192522426635317e-16,
5387.7,6.02173392463019e-16,
5413.2,6.306701256627508e-16,
5438.8,5.69454921011475e-16,
5464.4,6.081222054542088e-16,
5490.0,6.438150834013475e-16,
5515.5,7.014801899772358e-16,
5541.1,7.145291991192005e-16,
5566.7,7.767998383334292e-16,
5592.2,7.265227736982123e-16,
5617.8,6.993693208513297e-16,
5643.4,6.805633959114394e-16,
5668.9,6.88335232238639e-16,
5694.5,6.702009474751732e-16,
5720.1,5.934420701694985e-16,
5745.7,5.461394120298764e-16,
5771.2,5.515125334412737e-16,
5796.8,6.517788169218113e-16,
5822.4,6.720239708111831e-16,
5847.9,7.501261284697072e-16,
5873.5,7.637508291914645e-16,
5899.1,7.668211842836915e-16,
5924.7,7.630791890150398e-16,
5950.2,7.574182218137462e-16,
5975.8,7.54060020931623e-16,
6001.4,7.449449042515742e-16,
6026.9,7.09827717884228e-16,
6052.5,6.882392836420069e-16,
6078.1,6.465975927036783e-16,
6103.7,6.197319856466921e-16,
6129.2,6.13495326865606e-16,
6154.8,6.018855466731227e-16,
6180.4,6.09369537210426e-16,
6205.9,6.119601493194926e-16,
6231.5,6.28847102326741e-16,
6257.1,6.171413735376256e-16,
6282.6,5.805849582207979e-16,
6308.2,5.53047710987387e-16,
6333.8,5.405743934252149e-16,
6359.4,5.239752862078627e-16,
6384.9,5.418217251814321e-16,
6410.5,5.38655421492573e-16,
6436.1,5.452758746601875e-16,
6461.6,5.577491922223597e-16,
6487.2,5.435487999208098e-16,
6512.8,5.285808188462032e-16,
6538.4,5.255104637539762e-16,
6563.9,5.402865476353187e-16,
6589.5,5.687832808350504e-16,
6615.1,6.035166728158683e-16,
6640.6,6.352756583010912e-16,
6666.2,6.574397841231049e-16,
6691.8,6.591668588624825e-16,
6717.4,6.459259525272536e-16,
6742.9,6.458300039306215e-16,
6768.5,6.344121209314025e-16,
6794.1,6.061072849249348e-16,
6819.6,6.029409812360757e-16,
6845.2,5.871094627917803e-16,
6870.8,5.717576873306453e-16,
6896.3,5.532396081806513e-16,
6921.9,5.281010758630428e-16,
6947.5,5.280051272664107e-16,
6973.1,5.312673795519019e-16,
6998.6,5.574613464324634e-16,
7024.2,5.881648973547333e-16,
7049.8,6.010220093034338e-16,
7075.3,6.088897942272655e-16,
7100.9,5.92002841220017e-16,
7126.5,5.680156920619937e-16,
7152.1,5.647534397765025e-16,
7177.6,5.643696453899741e-16,
7203.2,5.636020566169174e-16,
7228.8,5.66288617322616e-16,
7254.3,5.653291313562951e-16,
7279.9,5.616830846842755e-16,
7305.5,5.707982013643244e-16,
7331.1,5.682075892552579e-16,
7356.6,5.49881407298528e-16,
7382.2,5.309795337620057e-16,
7407.8,5.236874404179665e-16,
7433.3,5.315552253417981e-16,
7458.9,5.438366457107061e-16,
7484.5,5.387513700892052e-16,
7510.0,5.2694969270345765e-16,
7535.6,5.110222256625301e-16,
7561.2,4.803186747402602e-16,
7586.8,4.541247078596987e-16,
7612.3,4.3032945589493946e-16,
7637.9,4.120992225348417e-16,
7663.5,4.102761991988319e-16,
7689.0,4.077815356863975e-16,
7714.6,4.0567066656049143e-16,
7740.2,4.191034700889845e-16,
7765.8,4.337836053736948e-16,
7791.3,4.3109704466799624e-16,
7816.9,4.2898617554209017e-16,
7842.5,4.3368765677706275e-16,
7868.0,4.4117164731436607e-16,
7893.6,4.513421985573679e-16,
7919.2,4.561396283889727e-16,
7944.7,4.49327278028094e-16,
7970.3,4.4059595573457346e-16,
7995.9,4.371418062558181e-16,
8021.5,4.322484278275813e-16,
8047.0,4.2649151202965576e-16,
8072.6,4.1996700745867335e-16,
8098.2,4.068220497200766e-16,
8123.7,3.954041667208574e-16,
8149.3,3.9281355461179087e-16,
8174.9,3.8868776495661084e-16,
8200.5,3.7717393336075967e-16,
8226.0,3.659479475548047e-16,
8251.6,3.60095083160247e-16,
8277.2,3.516516066566228e-16,
8302.7,3.3006317241440174e-16,
8328.3,3.0905042975197324e-16,
8353.9,2.9408244867736666e-16,
8379.5,2.743170377711554e-16,
8405.0,2.6501002389784233e-16,
8430.6,2.7537247233410844e-16,
8456.2,2.905323506019792e-16,
8481.7,3.0885853255870907e-16,
8507.3,3.2507384538953283e-16,
8532.9,3.3658767698538406e-16,
8558.4,3.608626719333038e-16,
8584.0,3.921419144353663e-16,
8609.6,4.198710588620413e-16,
8635.2,4.491353808348298e-16,
8660.7,4.658304366488141e-16,
8686.3,4.732184785894852e-16,
8711.9,4.863634363280821e-16,
8737.4,4.895297400169411e-16,
8763.0,4.801267775469961e-16,
8788.6,4.771523710514012e-16,
8814.2,4.717792496400039e-16,
8839.7,4.50382712591047e-16,
8865.3,4.2821858676903344e-16,
8890.9,4.1421009166074776e-16,
8916.4,4.01161082518783e-16,
8942.0,3.9597985830065e-16,
8967.6,4.054787693672272e-16,
8993.2,4.048071291908026e-16,
9018.7,3.758306530079104e-16,
9044.3,3.434959759428948e-16,
9069.9,3.3217404154030776e-16,
9095.4,3.3850664891802596e-16,
9121.0,3.5568144771517067e-16,
9146.6,3.712251203695699e-16,
9172.1,3.6873045685713545e-16,
9197.7,3.5971128877371863e-16,
9223.3,3.565449850848595e-16,
