wave,flux,flux_err
obswave,flux,
3776.7,2.176450351847583e-16,
3802.3,4.003921537071005e-16,
3827.9,3.415080633386858e-16,
3853.4,4.627168837464577e-16,
3879.0,5.266144776353885e-16,
3904.6,5.24255181861028e-16,
3930.1,5.168823825661514e-16,
3955.7,5.84024008144828e-16,
3981.3,6.879313262072893e-16,
4006.8,7.754218778398254e-16,
4032.4,7.033650527312311e-16,
4058.0,7.136869717440585e-16,
4083.6,7.179140433397877e-16,
4109.1,6.569655691688075e-16,
4134.7,6.96975293342338e-16,
4160.3,6.912736618876334e-16,
4185.8,6.71514559777364e-16,
4211.4,6.717111677585608e-16,
4237.0,6.959922534363544e-16,
4262.6,6.994328931072969e-16,
4288.1,6.870465902919041e-16,
4313.7,7.009074529662723e-16,
4339.3,7.146700116500419e-16,
4364.8,6.69843391937192e-16,
4390.4,6.622739846611187e-16,
4416.0,6.323895715192187e-16,
4441.6,6.260981161209239e-16,
4467.1,6.597180809055615e-16,
4492.7,7.174225233867959e-16,
4518.3,7.480933684534827e-16,
4543.8,7.770930456799975e-16,
4569.4,8.103197945022414e-16,
4595.0,8.151366900415609e-16,
4620.5,7.92723380185136e-16,
4646.1,9.474538613869468e-16,
4671.7,9.48830117255324e-16,
4697.3,8.8630877923477e-16,
4722.8,9.197321360382108e-16,
4748.4,8.447261912116659e-16,
4774.0,7.425883449799748e-16,
4799.5,7.577271595321215e-16,
4825.1,7.218462029637218e-16,
4850.7,7.171276114150008e-16,
4876.3,7.04151484656018e-16,
4901.8,7.344291137603113e-16,
4927.4,6.825246067243799e-16,
4953.0,7.796489494355548e-16,
4978.5,8.591768778296239e-16,
5004.1,9.148169365082929e-16,
5029.7,8.81885099657844e-16,
5055.3,8.861121712535734e-16,
5080.8,8.186756337031016e-16,
5106.4,7.912488203261606e-16,
5132.0,7.801404693885464e-16,
5157.5,8.298822886313142e-16,
5183.1,7.220428109449185e-16,
5208.7,7.295139142303936e-16,
5234.2,7.639203109398179e-16,
5259.8,8.197569775996835e-16,
5285.4,8.277196008381505e-16,
5311.0,8.278179048287487e-16,
5336.5,8.340110562364451e-16,
5362.1,8.958442663228105e-16,
5387.7,8.217230574116507e-16,
5413.2,8.176925937971182e-16,
5438.8,8.313568484902895e-16,
5464.4,8.488549588167967e-16,
5490.0,9.447996536407912e-16,
5515.5,9.13145768668121e-16,
5541.1,9.948363848553541e-16,
5566.7,1.0046667839151896e-15,
5592.2,9.918872651374033e-16,
5617.8,9.126542487151292e-16,
5643.4,9.061661853356378e-16,
5668.9,8.482651348732066e-16,
5694.5,7.82499765162907e-16,
5720.1,7.36001977609885e-16,
5745.7,6.945176935773792e-16,
5771.2,7.34625721741508e-16,
5796.8,7.932149001381278e-16,
5822.4,8.926002346330646e-16,
5847.9,9.506978930766927e-16,
5873.5,9.702603872057654e-16,
5899.1,9.81761954105773e-16,
5924.7,9.714400350929456e-16,
5950.2,9.673112674878148e-16,
5975.8,9.36148902468136e-16,
6001.4,9.152101524706864e-16,
6026.9,8.516074705535507e-16,
6052.5,8.399092956723464e-16,
6078.1,8.526888144501326e-16,
6103.7,7.947877639877013e-16,
6129.2,8.267365609321669e-16,
6154.8,8.334212322928549e-16,
6180.4,7.598898473252854e-16,
6205.9,7.541882158705807e-16,
6231.5,7.500594482654498e-16,
6257.1,7.162428754996156e-16,
6282.6,6.917651818406252e-16,
6308.2,6.794771830158308e-16,
6333.8,6.85080510479937e-16,
6359.4,6.9264991775601035e-16,
6384.9,7.301037381739837e-16,
6410.5,7.374765374688602e-16,
6436.1,7.202733391141481e-16,
6461.6,7.329545539013359e-16,
6487.2,6.917651818406252e-16,
6512.8,7.004159330132804e-16,
6538.4,7.096565081295258e-16,
6563.9,6.920600938124202e-16,
6589.5,7.347240257321063e-16,
6615.1,8.180858097595116e-16,
6640.6,8.368618719637974e-16,
6666.2,8.260484329979784e-16,
6691.8,7.945911560065046e-16,
6717.4,7.820082452099152e-16,
6742.9,8.117943543612169e-16,
6768.5,7.889878285423985e-16,
6794.1,7.809269013133333e-16,
6819.6,7.593983273722936e-16,
6845.2,7.228292428697054e-16,
6870.8,6.735789435799295e-16,
6896.3,6.476266900619637e-16,
6921.9,6.409420187012756e-16,
6947.5,6.506741137705127e-16,
6973.1,6.9795833324832155e-16,
6998.6,7.253851466252626e-16,
7024.2,7.335443778449262e-16,
7049.8,7.20469947095345e-16,
7075.3,7.38754489346639e-16,
7100.9,7.167343954526074e-16,
7126.5,7.039548766748212e-16,
7152.1,7.127039318380749e-16,
7177.6,6.927482217466087e-16,
7203.2,6.650264963978726e-16,
7228.8,6.72595903673946e-16,
7254.3,6.869482863013058e-16,
7279.9,6.804602229218144e-16,
7305.5,6.68467136068815e-16,
7331.1,6.598163848961598e-16,
7356.6,6.411386266824722e-16,
7382.2,6.31898051566227e-16,
7407.8,6.302268837260549e-16,
7433.3,6.287523238670796e-16,
7458.9,6.328810914722104e-16,
7484.5,6.453656982782016e-16,
7510.0,5.971967428850075e-16,
7535.6,5.633801701191734e-16,
7561.2,5.472583156610431e-16,
7586.8,4.979097123806688e-16,
7612.3,4.619304518216708e-16,
7637.9,4.737269306934734e-16,
7663.5,4.76381138439629e-16,
7689.0,4.930928168413494e-16,
7714.6,4.932894248225461e-16,
7740.2,4.766760504114241e-16,
7765.8,4.826725938379238e-16,
7791.3,4.851301936028827e-16,
7816.9,4.846386736498909e-16,
7842.5,4.893572651986119e-16,
7868.0,5.083299353840944e-16,
7893.6,5.171772945379465e-16,
7919.2,5.101977112054633e-16,
7944.7,5.083299353840944e-16,
7970.3,5.010554400798162e-16,
7995.9,4.909301290481856e-16,
8021.5,4.801166900823665e-16,
8047.0,4.73038802759285e-16,
8072.6,4.67238867313982e-16,
8098.2,4.647812675490232e-16,
8123.7,4.661575234174002e-16,
8149.3,4.741201466558668e-16,
8174.9,4.7176085088150635e-16,
8200.5,4.475780691943109e-16,
8226.0,4.419747417302047e-16,
8251.6,4.290969189618202e-16,
8277.2,4.104191607481328e-16,
8302.7,4.0304636145325615e-16,
8328.3,3.896770187318798e-16,
8353.9,3.790601877472575e-16,
8379.5,3.6529762906348773e-16,
8405.0,3.4779951873698053e-16,
8430.6,3.5782652577801276e-16,
8456.2,3.677552288284466e-16,
8481.7,3.8643298704213414e-16,
8507.3,3.983277699045351e-16,
8532.9,4.0511074525582153e-16,
8558.4,4.2437832741309914e-16,
8584.0,4.4079509384302453e-16,
8609.6,4.545576525267942e-16,
8635.2,4.778556982986043e-16,
8660.7,4.950588966533165e-16,
8686.3,5.087231513464879e-16,
8711.9,4.965334565122919e-16,
8737.4,4.973198884370788e-16,
8763.0,5.101977112054633e-16,
8788.6,5.071502874969142e-16,
8814.2,4.904386090951938e-16,
8839.7,4.695981630883425e-16,
8865.3,4.4266286966439323e-16,
8890.9,4.214292076951485e-16,
8916.4,4.288020069900252e-16,
8942.0,4.303748708395988e-16,
8967.6,4.2418171943190247e-16,
8993.2,4.005887616882973e-16,
9018.7,3.747348121609298e-16,
9044.3,3.7158908446178245e-16,
9069.9,3.896770187318798e-16,
9095.4,3.8643298704213414e-16,
9121.0,3.771924119258887e-16,
9146.6,4.0167010558487913e-16,
9172.1,4.19069911920788e-16,
9197.7,4.053073532370183e-16,
9223.3,4.1975803985497655e-16,
