wave,flux,flux_err
obswave,flux,
3838.81828213,6.122330916755314e-17,
3841.8662982,6.512514943224036e-17,
3844.91431427,4.5342530779562356e-17,
3847.96233034,5.539886556280336e-17,
3851.01034641,5.306179521119332e-17,
3854.05836248,4.136028151037899e-17,
3857.10637856,4.482615002975814e-17,
3860.15439463,6.791208278574915e-17,
3863.2024107,4.35023399906196e-17,
3866.25042677,6.833990677478767e-17,
3869.29844284,7.798431237220451e-17,
3872.34645891,4.837095828610944e-17,
3875.39447498,3.890112838450071e-17,
3878.44249105,3.529861798538805e-17,
3881.49050713,3.9173076446218603e-17,
3884.5385232,3.8722946304770024e-17,
3887.58653927,4.85197550153598e-17,
3890.63455534,5.749484247069982e-17,
3893.68257141,7.127510257844718e-17,
3896.73058748,5.522549199496945e-17,
3899.77860355,5.60307841679052e-17,
3902.82661963,5.444744805611545e-17,
3905.8746357,4.732724406495834e-17,
3908.92265177,5.599338463093025e-17,
3911.97066784,5.097316464091693e-17,
3915.01868391,5.72477383871153e-17,
3918.06669998,4.163703808399367e-17,
3921.11471605,5.60851470662938e-17,
3924.16273212,5.450621875707609e-17,
3927.2107482,7.664808034399928e-17,
3930.25876427,5.5247798147379515e-17,
3933.30678034,8.337799345286774e-17,
3936.35479641,7.864508204868703e-17,
3939.40281248,8.746602998378027e-17,
3942.45082855,7.391377348180525e-17,
3945.49884462,7.510855511838019e-17,
3948.54686069,6.668097017039853e-17,
3951.59487677,8.788864475159728e-17,
3954.64289284,8.520375870612015e-17,
3957.69090891,8.240186553782138e-17,
3960.73892498,7.541830342639778e-17,
3963.78694105,8.341686225736672e-17,
3966.83495712,9.076760768001944e-17,
3969.88297319,9.433445494923099e-17,
3972.93098927,9.55719789137773e-17,
3975.97900534,1.004705168388471e-16,
3979.02702141,8.44426781286798e-17,
3982.07503748,1.0302410379558715e-16,
3985.12305355,8.919161790584977e-17,
3988.17106962,9.562193400959385e-17,
3991.21908569,1.0935183831219992e-16,
3994.26710176,8.697609604940834e-17,
3997.31511784,9.703096156512534e-17,
4000.36313391,1.0894445049872272e-16,
4003.41114998,1.159759641593392e-16,
4006.45916605,1.1430687625205688e-16,
4009.50718212,9.835704229043734e-17,
4012.55519819,9.837614276824955e-17,
4015.60321426,1.0665867094067834e-16,
4018.65123034,1.0270260134737744e-16,
4021.69924641,1.1362673895821232e-16,
4024.74726248,1.1378795767652936e-16,
4027.79527855,9.408160736532531e-17,
4030.84329462,1.148497038172934e-16,
4033.89131069,1.1225711448627946e-16,
4036.93932676,1.150333622577954e-16,
4039.98734283,1.165867787400052e-16,
4043.03535891,1.1066135638542302e-16,
4046.08337498,1.1496951590538817e-16,
4049.13139105,1.1980674530377403e-16,
4052.17940712,1.292190066323963e-16,
4055.22742319,1.0903514437588699e-16,
4058.27543926,1.0359872096725236e-16,
4061.32345533,1.1676763221523409e-16,
4064.37147141,1.2229608519878208e-16,
4067.41948748,1.0953736672955068e-16,
4070.46750355,1.0831319974249542e-16,
4073.51551962,1.0442618572282328e-16,
4076.56353569,1.0979996490702485e-16,
4079.61155176,1.1880002991027313e-16,
4082.65956783,1.0445877674790144e-16,
4085.7075839,9.893246088075203e-17,
4088.75559998,9.439576347591493e-17,
4091.80361605,9.260472636413925e-17,
4094.85163212,1.0556406663528631e-16,
4097.89964819,1.0012163258678073e-16,
4100.94766426,9.417203410293973e-17,
4103.99568033,9.965921402604037e-17,
4107.0436964,9.844666760940232e-17,
4110.09171247,1.1224910029978483e-16,
4113.13972855,9.254608923295352e-17,
4116.18774462,9.655224749184589e-17,
4119.23576069,9.616810081920312e-17,
4122.28377676,9.566374134914085e-17,
4125.33179283,8.912857297209199e-17,
4128.3798089,9.864047735279756e-17,
4131.42782497,9.904706374762528e-17,
4134.47584105,1.0084451220859666e-16,
4137.52385712,9.760103736444359e-17,
4140.57187319,1.0701036015801785e-16,
4143.61988926,8.923062028012365e-17,
4146.66790533,9.106667040604418e-17,
4149.7159214,8.83999498499549e-17,
4152.76393747,9.97531135778025e-17,
4155.81195354,1.0972075803050287e-16,
4158.85996962,1.1288609455633327e-16,
4161.90798569,1.1132172535258083e-16,
4164.95600176,1.0850006385759528e-16,
4168.00401783,1.118211427409714e-16,
4171.0520339,1.0281025858595534e-16,
4174.10004997,9.944443382798419e-17,
4177.14806604,1.061672677387824e-16,
4180.19608212,1.0690964854773527e-16,
4183.24409819,1.0852944920807561e-16,
4186.29211426,1.062027972989086e-16,
4189.34013033,1.0016143637970406e-16,
4192.3881464,1.0106169666260122e-16,
4195.43616247,9.5205062742098e-17,
4198.48417854,1.0198132456286042e-16,
4201.53219461,1.0010293281829325e-16,
4204.58021069,1.0355704719748026e-16,
4207.62822676,1.0837717966467759e-16,
4210.67624283,9.96848594228232e-17,
4213.7242589,9.538257697295414e-17,
4216.77227497,9.960805680224963e-17,
4219.82029104,1.0113676287610097e-16,
4222.86830711,9.653942479345446e-17,
4225.91632318,9.737597229371931e-17,
4228.96433926,9.386308721357163e-17,
4232.01235533,1.0543677463979655e-16,
4235.0603714,1.086102589218965e-16,
4238.10838747,1.0132856907287253e-16,
4241.15640354,9.614298970151993e-17,
4244.20441961,8.8443092887251e-17,
4247.25243568,9.667473097543887e-17,
4250.30045176,9.298807161813255e-17,
4253.34846783,9.042874116107135e-17,
4256.3964839,9.095487250444405e-17,
4259.44449997,9.647611272014687e-17,
4262.49251604,9.326790029657018e-17,
4265.54053211,8.771340120691463e-17,
4268.58854818,8.394339431006413e-17,
4271.63656425,9.684075820565269e-17,
4274.68458033,7.675680614077647e-17,
4277.7325964,8.740993067831785e-17,
4280.78061247,9.148701448768771e-17,
4283.82862854,9.228001824133169e-17,
4286.87664461,9.092468573531426e-17,
4289.92466068,8.483777752286523e-17,
4292.97267675,9.566280636071648e-17,
4296.02069283,9.733069214002461e-17,
4299.0687089,9.072860530574555e-17,
4302.11672497,9.592807593368885e-17,
4305.16474104,1.0186044391656636e-16,
4308.21275711,1.028879961949533e-16,
4311.26077318,9.887876583123799e-17,
4314.30878925,1.0538828881150402e-16,
4317.35680532,1.1401823196847516e-16,
4320.4048214,9.967711237587838e-17,
4323.45283747,1.037395035100081e-16,
4326.50085354,9.866077995858396e-17,
4329.54886961,9.794711665123684e-17,
4332.59688568,9.491094209774495e-17,
4335.64490175,8.897870768464234e-17,
4338.69291782,8.688780642819247e-17,
4341.7409339,9.399719126758181e-17,
4344.78894997,9.799159538628206e-17,
4347.83696604,9.130108536101221e-17,
4350.88498211,9.568297539672799e-17,
4353.93299818,8.788437051880014e-17,
4356.98101425,9.723705972781231e-17,
4360.02903032,9.706221689245439e-17,
4363.07704639,9.22965808934206e-17,
4366.12506247,9.460800584824781e-17,
4369.17307854,9.684503243844982e-17,
4372.22109461,9.933089951931022e-17,
4375.26911068,9.000812993987801e-17,
4378.31712675,9.251937527797142e-17,
4381.36514282,9.887662871483942e-17,
4384.41315889,9.250107621880868e-17,
4387.46117496,9.589615275748523e-17,
4390.50919104,1.0034242342470788e-16,
4393.55720711,9.743420871558029e-17,
4396.60522318,9.694854901400551e-17,
4399.65323925,9.565225434849855e-17,
4402.70125532,9.543921055751621e-17,
4405.74927139,1.0180180678538064e-16,
4408.79728746,9.311242507857429e-17,
4411.84530354,9.078550602985747e-17,
4414.89331961,9.067557810510608e-17,
4417.94133568,1.0220772533133382e-16,
4420.98935175,9.536227436716773e-17,
4424.03736782,8.906245593351126e-17,
4427.08538389,9.102686661312084e-17,
4430.13339996,9.51341371916205e-17,
4433.18141603,9.580211963594819e-17,
4436.22943211,9.659819549441512e-17,
4439.27744818,9.095700962084261e-17,
4442.32546425,8.740432074777159e-17,
4445.37348032,8.846486476056142e-17,
4448.42149639,8.906112023576214e-17,
4451.46951246,8.35533705673253e-17,
4454.51752853,8.611457100123525e-17,
4457.56554461,9.225637639117253e-17,
4460.61356068,8.697008540953738e-17,
4463.66157675,8.80646897149294e-17,
4466.70959282,8.751144370724987e-17,
4469.75760889,9.145869769540666e-17,
4472.80562496,7.858337281267835e-17,
4475.85364103,8.681274021469273e-17,
4478.9016571,8.51700991228427e-17,
4481.94967318,8.150481092952208e-17,
4484.99768925,8.721318239987459e-17,
4488.04570532,9.14818052664662e-17,
4491.09372139,8.447420059555869e-17,
4494.14173746,8.57380378057624e-17,
4497.18975353,8.924972075793587e-17,
4500.2377696,8.323841303808621e-17,
4503.28578568,8.593158040960779e-17,
4506.33380175,8.464824201226715e-17,
4509.38181782,8.321704187410052e-17,
4512.42983389,9.174280060664142e-17,
4515.47784996,9.336273483675666e-17,
4518.52586603,9.71646649098108e-17,
4521.5738821,8.65807295156731e-17,
4524.62189817,8.902011431486461e-17,
4527.66991425,9.682619910018743e-17,
4530.71793032,9.667045674264173e-17,
4533.76594639,1.0161454196095603e-16,
4536.81396246,1.0725586140430345e-16,
4539.86197853,1.1101304560276253e-16,
4542.9099946,1.05866201466134e-16,
4545.95801067,1.074564832062191e-16,
4549.00602674,1.1736655908593304e-16,
4552.05404282,1.180581833804199e-16,
4555.10205889,1.1053807148318057e-16,
4558.15007496,1.1079679613718235e-16,
4561.19809103,1.132670355543782e-16,
4564.2461071,1.153256129252997e-16,
4567.29412317,1.253339961593478e-16,
4570.34213924,1.1710730015283166e-16,
4573.39015532,1.1534284342626317e-16,
4576.43817139,1.2266981342898182e-16,
4579.48618746,1.2366584324048986e-16,
4582.53420353,1.1697065827309814e-16,
4585.5822196,1.1890368005560372e-16,
4588.63023567,1.2760494947237713e-16,
4591.67825174,1.284103752150878e-16,
4594.72626781,1.3088408744643131e-16,
4597.77428389,1.2985479876097057e-16,
4600.82229996,1.2112588040079068e-16,
4603.87031603,1.1832919645371343e-16,
4606.9183321,1.1485144022436725e-16,
4609.96634817,1.298706935641849e-16,
4613.01436424,1.3621979924478338e-16,
4616.06238031,1.3265361982444639e-16,
4619.11039639,1.2805574746270025e-16,
4622.15841246,1.391743626658049e-16,
4625.20642853,1.361543500550772e-16,
4628.2544446,1.3533022454387905e-16,
4631.30246067,1.3662852275600968e-16,
4634.35047674,1.3815789667873557e-16,
4637.39849281,1.4454520331495845e-16,
4640.44650888,1.4219838236977994e-16,
4643.49452496,1.4801133897388742e-16,
4646.54254103,1.412513726656641e-16,
4649.5905571,1.3979011932814258e-16,
4652.63857317,1.456858891926946e-16,
4655.68658924,1.5317247507643138e-16,
4658.73460531,1.4836797027289862e-16,
4661.78262138,1.4833724922466918e-16,
4664.83063745,1.468826743758932e-16,
4667.87865353,1.503995665492882e-16,
4670.9266696,1.4915870334036911e-16,
4673.97468567,1.4731410474885432e-16,
4677.02270174,1.5007499199625552e-16,
4680.07071781,1.47145806832467e-16,
4683.11873388,1.4936440079373138e-16,
4686.16674995,1.4928292323103594e-16,
4689.21476603,1.3259391413506138e-16,
4692.2627821,1.4767207174561462e-16,
4695.31079817,1.5033946015057845e-16,
4698.35881424,1.4366097140505056e-16,
4701.40683031,1.5282652935941301e-16,
4704.45484638,1.4435019144358904e-16,
4707.50286245,1.4659817075533372e-16,
4710.55087852,1.496355474367998e-16,
4713.5988946,1.4387201164940924e-16,
4716.64691067,1.415706044277003e-16,
4719.69492674,1.4347798081342309e-16,
4722.74294281,1.5134256916015673e-16,
4725.79095888,1.40440604131957e-16,
4728.83897495,1.3510849871752754e-16,
4731.88699102,1.3589388899400162e-16,
4734.9350071,1.4548286313483056e-16,
4737.98302317,1.3864008356616268e-16,
4741.03103924,1.326449377890772e-16,
4744.07905531,1.3230927694472698e-16,
4747.12707138,1.301843153956749e-16,
4750.17508745,1.3154018218079198e-16,
4753.22310352,1.323576292032446e-16,
4756.27111959,1.2858241308517258e-16,
4759.31913567,1.3194837141291864e-16,
4762.36715174,1.3200714211387928e-16,
4765.41516781,1.21701833270205e-16,
4768.46318388,1.301980730824907e-16,
4771.51119995,1.2819051936558502e-16,
4774.55921602,1.2989673967029247e-16,
4777.60723209,1.2044507525807157e-16,
4780.65524817,1.1973648760217106e-16,
4783.70326424,1.1954000646327763e-16,
4786.75128031,1.211902610322976e-16,
4789.79929638,1.2190379076986977e-16,
4792.84731245,1.242586259015429e-16,
4795.89532852,1.2834692957200526e-16,
4798.94334459,1.1877398380416558e-16,
4801.99136066,1.1465442480637416e-16,
4805.03937674,1.12859647740901e-16,
4808.08739281,1.1301886291259436e-16,
4811.13540888,1.1819990091160002e-16,
4814.18342495,1.1730244559397598e-16,
4817.23144102,1.2183006025411915e-16,
4820.27945709,1.225239552347795e-16,
4823.32747316,1.1704145025380075e-16,
4826.37548923,1.2457799123335406e-16,
4829.42350531,1.3020475157123622e-16,
4832.47152138,1.223775627614775e-16,
4835.51953745,1.2404705137808459e-16,
4838.56755352,1.1606331879213072e-16,
4841.61556959,1.139225960096392e-16,
4844.66358566,1.2502331286290585e-16,
4847.71160173,1.1626086848922345e-16,
4850.75961781,1.1850938208006776e-16,
4853.80763388,1.1786998356757092e-16,
4856.85564995,1.149233007632691e-16,
4859.90366602,1.170787162210008e-16,
4862.95168209,1.1382295295755592e-16,
4865.99969816,1.0904275785305688e-16,
4869.04771423,1.1667840760559383e-16,
4872.0957303,1.1846583833344692e-16,
4875.14374638,1.1608976560756302e-16,
4878.19176245,1.1055182916999637e-16,
4881.23977852,1.2284265271771608e-16,
4884.28779459,1.219043250489694e-16,
4887.33581066,1.2167832498982075e-16,
4890.38382673,1.2526974909761583e-16,
4893.4318428,1.2853406082665496e-16,
4896.47985888,1.2657739719399018e-16,
4899.52787495,1.213005896663737e-16,
4902.57589102,1.2807738576623576e-16,
4905.62390709,1.3319230672666065e-16,
4908.67192316,1.2874029255911686e-16,
4911.71993923,1.375915608331148e-16,
4914.7679553,1.3251524153763905e-16,
4917.81597137,1.3377012957292373e-16,
4920.86398745,1.3265255126624711e-16,
4923.91200352,1.3688631242158707e-16,
4926.96001959,1.4104433951455273e-16,
4930.00803566,1.3620510656954321e-16,
4933.05605173,1.3327511998710521e-16,
4936.1040678,1.2439179496712874e-16,
4939.15208387,1.1471466477485882e-16,
4942.20009995,1.1265541955506275e-16,
4945.24811602,1.109203481789746e-16,
4948.29613209,1.129190862907362e-16,
4951.34414816,1.1721789592645757e-16,
4954.39216423,1.1935835156939926e-16,
4957.4401803,1.194951270189077e-16,
4960.48819637,1.1708232260492338e-16,
4963.53621244,1.1478933027903382e-16,
4966.58422852,1.2060669468571336e-16,
4969.63224459,1.2848156790511511e-16,
4972.68026066,1.277502733874798e-16,
4975.72827673,1.3705461033797435e-16,
4978.7762928,1.3583645399079008e-16,
4981.82430887,1.4092679811263144e-16,
4984.87232494,1.4385464757867087e-16,
4987.92034101,1.4826245015071927e-16,
4990.96835709,1.4989867989337359e-16,
4994.01637316,1.5177800662636516e-16,
4997.06438923,1.584658452561368e-16,
5000.1124053,1.662716629019098e-16,
5003.16042137,1.6363365984742628e-16,
5006.20843744,1.7117768073437458e-16,
5009.25645351,1.8082141848291686e-16,
5012.30446959,1.7340963167313e-16,
5015.35248566,1.7673151197515557e-16,
5018.40050173,1.8043940892667266e-16,
5021.4485178,1.7697327326774369e-16,
5024.49653387,1.815480380584303e-16,
5027.54454994,1.8724879605161293e-16,
5030.59256601,1.8425683309361641e-16,
5033.64058208,1.884161958843312e-16,
5036.68859816,1.741295727598979e-16,
5039.73661423,1.8295719918373669e-16,
5042.7846303,1.7212469043849045e-16,
5045.83264637,1.7363937168597617e-16,
5048.88066244,1.7828759985286358e-16,
5051.92867851,1.679519706702846e-16,
5054.97669458,1.698379758920217e-16,
5058.02471066,1.7167723169254006e-16,
5061.07272673,1.6072985294087075e-16,
5064.1207428,1.6984999717176362e-16,
5067.16875887,1.7709215036741408e-16,
5070.21677494,1.735725867985209e-16,
5073.26479101,1.7916916036727326e-16,
5076.31280708,1.737675986698903e-16,
5079.36082315,1.6585225380869065e-16,
5082.40883923,1.607218387543761e-16,
5085.4568553,1.5562748753928743e-16,
5088.50487137,1.5072280540457175e-16,
5091.55288744,1.3925984732174768e-16,
5094.60090351,1.419499425884463e-16,
5097.64891958,1.4773484953982258e-16,
5100.69693565,1.3688898381708528e-16,
5103.74495173,1.2635580493741359e-16,
5106.7929678,1.2727102503510072e-16,
5109.84098387,1.2936780336164666e-16,
5112.88899994,1.321439175633877e-16,
5115.93701601,1.3411206819669476e-16,
5118.98503208,1.3307650173181321e-16,
5122.03304815,1.2952675139379021e-16,
5125.08106422,1.308866252721546e-16,
5128.1290803,1.4188983618973655e-16,
5131.17709637,1.295188707770705e-16,
5134.22511244,1.2796799212058401e-16,
5137.27312851,1.3211573434088156e-16,
5140.32114458,1.3365392386875154e-16,
5143.36916065,1.350791133670472e-16,
5146.41717672,1.3248371907076014e-16,
5149.46519279,1.3708265999070558e-16,
5152.51320887,1.315075911557138e-16,
5155.56122494,1.3355775363081597e-16,
5158.60924101,1.3215086319168303e-16,
5161.65725708,1.334153682507613e-16,
5164.70527315,1.2295765629391407e-16,
5167.75328922,1.320528229768987e-16,
5170.80130529,1.3886715218351063e-16,
5173.84932137,1.322324743241534e-16,
5176.89733744,1.3900873614491583e-16,
5179.94535351,1.3298046506365253e-16,
5182.99336958,1.3985022572685235e-16,
5186.04138565,1.389566439327007e-16,
5189.08940172,1.4031237714804288e-16,
5192.13741779,1.4406969491627686e-16,
5195.18543386,1.3754881850514342e-16,
5198.23344994,1.3608890086537103e-16,
5201.28146601,1.4112180998400085e-16,
5204.32948208,1.3788541433791804e-16,
5207.37749815,1.3416549610665899e-16,
5210.42551422,1.3661516577851862e-16,
5213.47353029,1.3193114091195518e-16,
5216.52154636,1.3278638818070748e-16,
5219.56956244,1.3894462265295875e-16,
5222.61757851,1.4000115957250126e-16,
5225.66559458,1.403484409872687e-16,
5228.71361065,1.3801096992633395e-16,
5231.76162672,1.3796555620286437e-16,
5234.80964279,1.4469079436961094e-16,
5237.85765886,1.3822468156619083e-16,
5240.90567493,1.5408609233681958e-16,
5243.95369101,1.4935772230498586e-16,
5247.00170708,1.4039652610623652e-16,
5250.04972315,1.4122465871068197e-16,
5253.09773922,1.4091344113514038e-16,
5256.14575529,1.3958842896802765e-16,
5259.19377136,1.4255634936654024e-16,
5262.24178743,1.4020952842136173e-16,
5265.2898035,1.3842102913530937e-16,
5268.33781958,1.457580168711463e-16,
5271.38583565,1.4366898559154518e-16,
5274.43385172,1.408239493859503e-16,
5277.48186779,1.4164941059489756e-16,
5280.52988386,1.4215831143730677e-16,
5283.57789993,1.4248422168808853e-16,
5286.625916,1.3800696283308663e-16,
5289.67393208,1.331904367498119e-16,
5292.72194815,1.3027995135451086e-16,
5295.76996422,1.3882574555328836e-16,
5298.81798029,1.4111780289075354e-16,
5301.86599636,1.4411243724424823e-16,
5304.91401243,1.4085867752742704e-16,
5307.9620285,1.3717615883314298e-16,
5311.01004457,1.383115019198827e-16,
5314.05806065,1.3492016533490365e-16,
5317.10607672,1.3688631242158707e-16,
5320.15409279,1.4053009588114708e-16,
5323.20210886,1.4032840552103212e-16,
5326.25012493,1.4531322952069415e-16,
5329.298141,1.4708570043375726e-16,
5332.34615707,1.4751713080671835e-16,
5335.39417315,1.5054115051069338e-16,
5338.44218922,1.5213864501862367e-16,
5341.49020529,1.497944954689434e-16,
5344.53822136,1.5157898766174843e-16,
5347.58623743,1.584912235133698e-16,
5350.6342535,1.4983723779691474e-16,
5353.68226957,1.5000286431780384e-16,
5356.73028564,1.4988933000912986e-16,
5359.77830172,1.482704643372139e-16,
5362.82631779,1.4775755640155737e-16,
5365.87433386,1.4339249615748034e-16,
5368.92234993,1.4972637488373897e-16,
5371.970366,1.497717886072086e-16,
5375.01838207,1.5287327878063172e-16,
5378.06639814,1.4885149285807486e-16,
5381.11441422,1.578500885937991e-16,
5384.16243029,1.64452442567628e-16,
5387.21044636,1.58493894908868e-16,
5390.25846243,1.5429312548793095e-16,
5393.3064785,1.583723464136994e-16,
5396.35449457,1.6499473585376486e-16,
5399.40251064,1.6408779708212218e-16,
5402.45052671,1.6465680432324114e-16,
5405.49854279,1.6556374309488384e-16,
5408.54655886,1.6205887220123079e-16,
5411.59457493,1.6395155591171342e-16,
5414.642591,1.7396928903000524e-16,
5417.69060707,1.7595413588517614e-16,
5420.73862314,1.6451121326858865e-16,
5423.78663921,1.7169993855427488e-16,
5426.83465528,1.7365807145446365e-16,
5429.88267136,1.682565097570807e-16,
5432.93068743,1.6689409805299299e-16,
5435.9787035,1.6408646138437308e-16,
5439.02671957,1.6473026769944198e-16,
5442.07473564,1.7005836602062412e-16,
5445.12275171,1.6865855477956147e-16,
5448.17076778,1.5863280747477498e-16,
5451.21878386,1.656238494935936e-16,
5454.26679993,1.6788919287607664e-16,
5457.314816,1.5923921425286894e-16,
5460.36283207,1.547298986518885e-16,
5463.41084814,1.5511725099912911e-16,
5466.45886421,1.5402197884486255e-16,
5469.50688028,1.5274238040121937e-16,
5472.55489635,1.5660788968713092e-16,
5475.60291243,1.5194096175175602e-16,
5478.6509285,1.4773217814432437e-16,
5481.69894457,1.50042935250277e-16,
5484.74696064,1.5288262866487548e-16,
5487.79497671,1.5783940301180628e-16,
5490.84299278,1.566025468961345e-16,
5493.89100885,1.492027813660896e-16,
5496.93902493,1.598509638219593e-16,
5499.987041,1.6515635528140662e-16,
5503.03505707,1.602877369859168e-16,
5506.08307314,1.6446179245187176e-16,
5509.13108921,1.718575508886693e-16,
5512.17910528,1.7342566004611926e-16,
5515.22712135,1.7531300096560545e-16,
5518.27513742,1.7861083870814714e-16,
5521.3231535,1.8682938695839375e-16,
5524.37116957,1.9668817204454202e-16,
5527.41918564,2.0038538341406628e-16,
5530.46720171,1.9603100875198208e-16,
5533.51521778,1.9675762832749552e-16,
5536.56323385,1.9915787718263825e-16,
5539.61124992,2.0674597609530706e-16,
5542.659266,2.152570421526078e-16,
5545.70728207,2.0810170931064922e-16,
5548.75529814,2.03595065105167e-16,
5551.80331421,2.1287282167045434e-16,
5554.85133028,2.0580831627543494e-16,
5557.89934635,2.1292758527816765e-16,
5560.94736242,2.1792309485982253e-16,
5563.99537849,2.098755159214614e-16,
5567.04339457,2.128394292267267e-16,
5570.09141064,2.1488838957385467e-16,
5573.13942671,2.117321357927182e-16,
5576.18744278,2.1787634543860382e-16,
5579.23545885,2.119057765001019e-16,
5582.28347492,2.0534082206324797e-16,
5585.33149099,2.0461153109223633e-16,
5588.37950706,2.0238625864222647e-16,
5591.42752314,2.0451669655204983e-16,
5594.47553921,2.001783502629549e-16,
5597.52355528,1.8922162162704186e-16,
5600.57157135,1.8588237725427788e-16,
5603.61958742,1.8887166881677618e-16,
5606.66760349,1.871980395371469e-16,
5609.71561956,1.8072257684948307e-16,
5612.76363564,1.7114161689514875e-16,
5615.81165171,1.6551565797591603e-16,
5618.85966778,1.7318389875353119e-16,
5621.90768385,1.7163983215556513e-16,
5624.95569992,1.742724924190522e-16,
5628.00371599,1.6769685240020544e-16,
5631.05173206,1.6954545808496757e-16,
5634.09974813,1.7298354409116534e-16,
5637.14776421,1.6894038700462276e-16,
5640.19578028,1.708490990880946e-16,
5643.24379635,1.6926229016215718e-16,
5646.29181242,1.7655653557002277e-16,
5649.33982849,1.709185553710481e-16,
5652.38784456,1.6984866147401454e-16,
5655.43586063,1.7985303761481533e-16,
5658.48387671,1.8246299101656762e-16,
5661.53189278,1.7975419598138152e-16,
5664.57990885,1.8184456295873172e-16,
5667.62792492,1.7072087210418047e-16,
5670.67594099,1.7554941946719715e-16,
5673.72395706,1.7576179540930494e-16,
5676.77197313,1.778294555249204e-16,
5679.8199892,1.7441674777595563e-16,
5682.86800528,1.6640656837456944e-16,
5685.91602135,1.6712517376358827e-16,
5688.96403742,1.6477568142291156e-16,
5692.01205349,1.6397025568020087e-16,
5695.06006956,1.5972941532679067e-16,
5698.10808563,1.6256510164814181e-16,
5701.1561017,1.583309397834771e-16,
5704.20411777,1.5517735739783884e-16,
5707.25213385,1.5592668383508706e-16,
5710.30014992,1.5103268728236424e-16,
5713.34816599,1.4441831202879343e-16,
5716.39618206,1.480727810703463e-16,
5719.44419813,1.4529452975220667e-16,
5722.4922142,1.4091477683288948e-16,
5725.54023027,1.381405326079972e-16,
5728.58824635,1.36734042878189e-16,
5731.63626242,1.3650563856309198e-16,
5734.68427849,1.3481063811947699e-16,
5737.73229456,1.3633466925120646e-16,
5740.78031063,1.3042861451398633e-16,
5743.8283267,1.3024976458538108e-16,
5746.87634277,1.2513658003203002e-16,
5749.92435884,1.213309100052784e-16,
5752.97237492,1.2217814308753607e-16,
5756.02039099,1.1943114709672554e-16,
5759.06840706,1.1639417112458417e-16,
5762.11642313,1.140023371652608e-16,
5765.1644392,1.0347436750681063e-16,
5768.21245527,1.0039438206714809e-16,
5771.26047134,9.762681633100132e-17,
5774.30848742,9.542692213822442e-17,
5777.35650349,9.400894540777395e-17,
5780.40451956,8.899794173222947e-17,
5783.45253563,8.876900313803276e-17,
5786.5005517,9.040469860158745e-17,
5789.54856777,9.175108193268589e-17,
5792.59658384,8.677974848028982e-17,
5795.64459991,8.547156610481582e-17,
5798.69261599,8.741887985323686e-17,
5801.74063206,8.581110047263847e-17,
5804.78864813,8.370964720397066e-17,
5807.8366642,8.29410867191353e-17,
5810.88468027,8.773877946414764e-17,
5813.93269634,9.252311523166892e-17,
5816.98071241,9.38526687711286e-17,
5820.02872849,9.396166170745562e-17,
5823.07674456,9.42600565846058e-17,
5826.12476063,9.175749328188159e-17,
5829.1727767,9.448512165533009e-17,
5832.22079277,9.682366127446415e-17,
5835.26880884,9.593168231761143e-17,
5838.31682491,1.0313790524381094e-16,
5841.36484098,1.0536544837999431e-16,
5844.41285706,1.0227250667216543e-16,
5847.46087313,1.0979114930188074e-16,
5850.5088892,1.1164242638214109e-16,
5853.55690527,1.0968763272632505e-16,
5856.60492134,1.0634852192333602e-16,
5859.65293741,1.0963594122343467e-16,
5862.70095348,1.1403185608551605e-16,
5865.74896955,1.1256419139879882e-16,
5868.79698563,1.113541828078841e-16,
5871.8450017,1.1760564898302295e-16,
5874.89301777,1.2845672392698175e-16,
5877.94103384,1.2385163879739043e-16,
5880.98904991,1.19343792463934e-16,
5884.03706598,1.261828320789044e-16,
5887.08508205,1.31484884293979e-16,
5890.13309813,1.327385702012895e-16,
5893.1811142,1.3487608730918317e-16,
5896.22913027,1.3447270658895327e-16,
5899.27714634,1.4092412671713323e-16,
5902.32516241,1.347919383509895e-16,
5905.37317848,1.394107811673966e-16,
5908.42119455,1.3851319227999764e-16,
5911.46921062,1.327385702012895e-16,
5914.5172267,1.4311199963016816e-16,
5917.56524277,1.4693476658810833e-16,
5920.61325884,1.4698953019582166e-16,
5923.66127491,1.4229588830546467e-16,
5926.70929098,1.358190899200517e-16,
5929.75730705,1.461173195656557e-16,
5932.80532312,1.5227488618903243e-16,
5935.8533392,1.446306879709012e-16,
5938.90135527,1.4987463733388972e-16,
5941.94937134,1.5400862186737148e-16,
5944.99738741,1.5288930715362102e-16,
5948.04540348,1.4927490904454132e-16,
5951.09341955,1.5545918962290012e-16,
5954.14143562,1.5649836247170428e-16,
5957.18945169,1.5653976910192655e-16,
5960.23746777,1.6595376683762269e-16,
5963.28548384,1.6426945197600053e-16,
5966.33349991,1.658148542717157e-16,
5969.38151598,1.7179210169896314e-16,
5972.42953205,1.6872533966701674e-16,
5975.47754812,1.7436331986599137e-16,
5978.52556419,1.8048615834789137e-16,
5981.57358027,1.7700265861822402e-16,
5984.62159634,1.8263262463070403e-16,
5987.66961241,1.814291609587599e-16,
5990.71762848,1.835823057303181e-16,
5993.76564455,1.8926569965276234e-16,
5996.81366062,1.9552477930507108e-16,
5999.86167669,1.9223362005127493e-16,
6002.90969276,1.8918422209006688e-16,
6005.95770884,1.8900256719618853e-16,
6009.00572491,1.9243798180688807e-16,
6012.05374098,1.758780011134771e-16,
6015.10175705,1.8157742340891063e-16,
6018.14977312,1.7829160694611092e-16,
6021.19778919,1.6715990190506502e-16,
6024.24580526,1.7655252847677545e-16,
6027.29382133,1.7489359187238632e-16,
6030.34183741,1.685236493069018e-16,
6033.38985348,1.6280953433622814e-16,
6036.43786955,1.59809557191737e-16,
6039.48588562,1.6128016041350225e-16,
6042.53390169,1.6498538596952113e-16,
6045.58191776,1.6284025538445755e-16,
6048.62993383,1.5469116341716444e-16,
6051.67794991,1.5053046492870055e-16,
6054.72596598,1.4226650295498433e-16,
6057.77398205,1.4681856088393615e-16,
6060.82199812,1.5064800633062186e-16,
6063.87001419,1.4583415164284532e-16,
6066.91803026,1.4325625498707157e-16,
6069.96604633,1.4783369117325639e-16,
6073.0140624,1.3923714046001287e-16,
6076.06207848,1.3661783717401685e-16,
6079.11009455,1.3545310873679678e-16,
6082.15811062,1.3767704548905756e-16,
6085.20612669,1.354838297850262e-16,
6088.25414276,1.3105064895574477e-16,
6091.30215883,1.2923730569155905e-16,
6094.3501749,1.2648042553740514e-16,
6097.39819098,1.3172958412161516e-16,
6100.44620705,1.2473600427707323e-16,
6103.49422312,1.2874162825686596e-16,
6106.54223919,1.3538365245384328e-16,
6109.59025526,1.255362207985624e-16,
6112.63827133,1.1865884665819267e-16,
6115.6862874,1.2166470087277988e-16,
6118.73430347,1.2517718524360282e-16,
6121.78231955,1.2589084855094991e-16,
6124.83033562,1.3207232416403564e-16,
6127.87835169,1.2987870775067955e-16,
6130.92636776,1.2806162453279632e-16,
6133.97438383,1.316844375376954e-16,
6137.0223999,1.243722937799918e-16,
6140.07041597,1.2724724961516663e-16,
6143.11843204,1.3419087436389198e-16,
6146.16644812,1.3254476045789427e-16,
6149.21446419,1.265461418666611e-16,
6152.26248026,1.2785191998618675e-16,
6155.31049633,1.274870073611311e-16,
6158.3585124,1.277250287000217e-16,
6161.40652847,1.2539770894198017e-16,
6164.45454454,1.2181697041617792e-16,
6167.50256062,1.2376962695559536e-16,
6170.55057669,1.2961317103815734e-16,
6173.59859276,1.2587375161976137e-16,
6176.64660883,1.2110490994612974e-16,
6179.6946249,1.168878450126536e-16,
6182.74264097,1.19994945116623e-16,
6185.79065704,1.195799438259759e-16,
6188.83867311,1.1986952309798198e-16,
6191.88668919,1.180402850305819e-16,
6194.93470526,1.1709995381521156e-16,
6197.98272133,1.2310311377879167e-16,
6201.0307374,1.2326005826431157e-16,
6204.07875347,1.268417317785382e-16,
6207.12676954,1.2763206413668397e-16,
6210.17478561,1.2549868769181252e-16,
6213.22280169,1.3012701396223827e-16,
6216.27081776,1.340492904024868e-16,
6219.31883383,1.2699573772901006e-16,
6222.3668499,1.4038584052424366e-16,
6225.41486597,1.3964452827349006e-16,
6228.46288204,1.403430981962723e-16,
6231.51089811,1.49055854613688e-16,
6234.55891418,1.5386970930146448e-16,
6237.60693026,1.5706736971282324e-16,
6240.65494633,1.5756157787999233e-16,
6243.7029624,1.5703798436234293e-16,
6246.75097847,1.6117063319807559e-16,
6249.79899454,1.6599517346784493e-16,
6252.84701061,1.7046174674085398e-16,
6255.89502668,1.7148489121666889e-16,
6258.94304276,1.7138204248998772e-16,
6261.99105883,1.814278252610108e-16,
6265.0390749,1.8071589836073753e-16,
6268.08709097,1.7997325041223482e-16,
6271.13510704,1.8716598279116836e-16,
6274.18312311,1.8556047409674346e-16,
6277.23113918,1.7516607421320385e-16,
6280.27915525,1.7610373403307597e-16,
6283.32717133,1.7907432582708677e-16,
6286.3751874,1.900724610932221e-16,
6289.42320347,1.8313484698436772e-16,
6292.47121954,1.8996293387779544e-16,
6295.51923561,1.9886803077108237e-16,
6298.56725168,1.980973331698484e-16,
6301.61526775,2.0236755887373896e-16,
6304.66328382,2.059178434908616e-16,
6307.7112999,2.0944141415300212e-16,
6310.75931597,2.1694669980522635e-16,
6313.80733204,2.233740773739224e-16,
6316.85534811,2.2946619480759293e-16,
6319.90336418,2.3527915141170047e-16,
6322.95138025,2.2441992871147205e-16,
6325.99939632,2.2270222140612227e-16,
6329.0474124,2.1461991432628445e-16,
6332.09542847,2.2756282551511747e-16,
6335.14344454,2.2399784822275474e-16,
6338.19146061,2.1509675842271512e-16,
6341.23947668,2.2180596821647245e-16,
6344.28749275,2.071613780952789e-16,
6347.33550882,2.0611953385097653e-16,
6350.38352489,2.1298635597912831e-16,
6353.43154097,2.142779757025134e-16,
6356.47955704,2.1402419313018337e-16,
6359.52757311,2.1726058877626618e-16,
6362.57558918,2.1932824889188161e-16,
6365.62360525,2.1739950134217315e-16,
6368.67162132,2.2230685487238704e-16,
6371.71963739,2.2029796545773225e-16,
6374.76765347,2.2698179699425655e-16,
6377.81566954,2.2929388979795834e-16,
6380.86368561,2.2125566074384097e-16,
6383.91170168,2.2380951484013085e-16,
6386.95971775,2.3113581699397493e-16,
6390.00773382,2.2767368842829324e-16,
6393.05574989,2.239417489172923e-16,
6396.10376596,2.2067329652523095e-16,
6399.15178204,2.2303347444790047e-16,
6402.19979811,2.2269153582412944e-16,
6405.24781418,2.139881292909575e-16,
6408.29583025,2.214867364544362e-16,
6411.34384632,2.17498342975607e-16,
6414.39186239,2.158968413744294e-16,
6417.43987846,2.1007987767707457e-16,
6420.48789454,2.090767686674963e-16,
6423.53591061,2.1306916923957288e-16,
6426.58392668,1.9975226268099023e-16,
6429.63194275,2.110349015676851e-16,
6432.67995882,2.0368188545885886e-16,
6435.72797489,2.0294057320810523e-16,
6438.77599096,2.0762352951646942e-16,
6441.82400703,2.0536620032048097e-16,
6444.87202311,2.0918763158067204e-16,
6447.92003918,2.0353495870645722e-16,
6450.96805525,1.9771665931135334e-16,
6454.01607132,2.0548374172240228e-16,
6457.06408739,2.0791070453252712e-16,
6460.11210346,2.0780652010809687e-16,
6463.16011953,2.1043250188283846e-16,
6466.2081356,2.01874686404319e-16,
6469.25615168,2.0278963936245633e-16,
6472.30416775,1.999112107131338e-16,
6475.35218382,2.0124022997349385e-16,
6478.40019989,1.9862226238524694e-16,
6481.44821596,1.9785957897050763e-16,
6484.49623203,2.0605141326577216e-16,
6487.5442481,1.9748291220525987e-16,
6490.59226418,2.0054566714395896e-16,
6493.64028025,2.0009286560701216e-16,
6496.68829632,1.9528301801248296e-16,
6499.73631239,1.9628612702206126e-16,
6502.78432846,1.9748157650751077e-16,
6505.83234453,1.9429994446914126e-16,
6508.8803606,1.9443618563955003e-16,
6511.92837667,1.9440546459132061e-16,
6514.97639275,1.9672824297701523e-16,
6518.02440882,1.929896249772687e-16,
6521.07242489,1.9131733139538853e-16,
6524.12044096,1.9438943621833132e-16,
6527.16845703,1.9189969561399855e-16,
6530.2164731,1.9318597254638722e-16,
6533.26448917,1.955755358195371e-16,
6536.31250525,1.900257116720034e-16,
6539.36052132,1.9022740203211835e-16,
6542.40853739,1.9080041636648464e-16,
6545.45655346,1.798931085472885e-16,
6548.50456953,1.8628308657900956e-16,
6551.5525856,1.8379334597467678e-16,
6554.60060167,1.8171900737031583e-16,
6557.64861774,1.808508038333972e-16,
6560.69663382,1.7470926558300974e-16,
6563.74464989,1.6416526755157028e-16,
6566.79266596,1.6201612987325941e-16,
6569.84068203,1.675405757635601e-16,
6572.8886981,1.688068172297122e-16,
6575.93671417,1.649359651528042e-16,
6578.98473024,1.6029441547466232e-16,
6582.03274632,1.593767911210268e-16,
6585.08076239,1.5991107022066902e-16,
6588.12877846,1.5986565649719944e-16,
6591.17679453,1.6360160310144774e-16,
6594.2248106,1.6462875467050994e-16,
6597.27282667,1.6484647340361414e-16,
6600.32084274,1.668954337507421e-16,
6603.36885881,1.6799604869600507e-16,
6606.41687489,1.6474763177018035e-16,
6609.46489096,1.585660225873197e-16,
6612.51290703,1.6409046847762037e-16,
6615.5609231,1.6557309297912757e-16,
6618.60893917,1.6296046818187707e-16,
6621.65695524,1.6269733572530327e-16,
6624.70497131,1.6043733513381663e-16,
6627.75298738,1.5579444975792563e-16,
6630.80100346,1.5917777215641007e-16,
6633.84901953,1.6408245429112577e-16,
6636.8970356,1.6875873211074439e-16,
6639.94505167,1.7750755236738592e-16,
6642.99306774,1.7921991688173926e-16,
6646.04108381,1.6952275122323278e-16,
6649.08909988,1.848498828942193e-16,
6652.13711596,1.8553108874626315e-16,
6655.18513203,1.934464336074628e-16,
6658.2331481,2.0186667221782438e-16,
6661.28116417,1.9326611441133355e-16,
6664.32918024,1.809990662835479e-16,
6667.37719631,1.7170260994977309e-16,
6670.42521238,1.593006563493278e-16,
6673.47322845,1.5551395323061348e-16,
6676.52124453,1.522174511858209e-16,
6679.5692606,1.5194897593825067e-16,
6682.61727667,1.557143078929793e-16,
6685.66529274,1.4971301790624793e-16,
6688.71330881,1.5091648157819208e-16,
6691.76132488,1.4466007332138153e-16,
6694.80934095,1.4561643290974112e-16,
6697.85735703,1.4675578308972817e-16,
6700.9053731,1.3777722282024048e-16,
6703.95338917,1.366124943830204e-16,
6707.00140524,1.4371306361726566e-16,
6710.04942131,1.4266053379097046e-16,
6713.09743738,1.442473427169079e-16,
6716.14545345,1.4164406780390115e-16,
6719.19346952,1.3570288421587952e-16,
6722.2414856,1.3641347541840369e-16,
6725.28950167,1.388871876497472e-16,
6728.33751774,1.356507920036644e-16,
6731.38553381,1.3525275407443093e-16,
6734.43354988,1.3602078028016663e-16,
6737.48156595,1.308635177010951e-16,
6740.52958202,1.2995818176675133e-16,
6743.57759809,1.3590323887824535e-16,
6746.62561417,1.2322920364630724e-16,
6749.67363024,1.302198449558011e-16,
6752.72164631,1.3057059918471623e-16,
6755.76966238,1.274009884260887e-16,
6758.81767845,1.295012395667823e-16,
6761.86569452,1.2552299739084625e-16,
6764.91371059,1.273300628756112e-16,
6767.96172667,1.273589139469919e-16,
6771.00974274,1.290771555314413e-16,
6774.05775881,1.301487858355487e-16,
6777.10577488,1.297251025095324e-16,
6780.15379095,1.2951593224202247e-16,
6783.20180702,1.2512482589183786e-16,
6786.24982309,1.2804920254372964e-16,
6789.29783916,1.3357645339930342e-16,
6792.34585524,1.3275833852797627e-16,
6795.39387131,1.3237298972735932e-16,
6798.44188738,1.3316078425978177e-16,
6801.48990345,1.2944073245874783e-16,
6804.53791952,1.3221577810228956e-16,
6807.58593559,1.3655372368205976e-16,
6810.63395166,1.2821389407619436e-16,
6813.68196774,1.2487758823847844e-16,
6816.72998381,1.3215927808750243e-16,
6819.77799988,1.3195985841356096e-16,
6822.82601595,1.2664284638369637e-16,
6825.87403202,1.3379283643465852e-16,
6828.92204809,1.310571938747154e-16,
6831.97006416,1.2963320650439392e-16,
6835.01808023,1.3042514169983866e-16,
6838.06609631,1.2459482102499277e-16,
6841.11411238,1.2326059254341123e-16,
6844.16212845,1.1542752666355647e-16,
6847.21014452,1.1271472453512303e-16,
6850.25816059,1.159290811683456e-16,
6853.30617666,1.1731126119912007e-16,
6856.35419273,1.161971557065911e-16,
6859.40220881,1.1826601795018073e-16,
6862.45022488,1.1439596729192224e-16,
6865.49824095,1.0635640254005574e-16,
6868.54625702,1.0419604500065238e-16,
6871.59427309,1.0753422081521704e-16,
6874.64228916,1.049211953086418e-16,
6877.69030523,1.0038690215975309e-16,
6880.7383213,1.0504220952471077e-16,
6883.78633738,9.689819320886423e-17,
6886.83435345,1.0170176302397263e-16,
6889.88236952,1.022795858702357e-16,
6892.93038559,9.542932639417283e-17,
6895.97840166,9.508671992152724e-17,
6899.02641773,9.420756366306595e-17,
6902.0744338,9.68991281972886e-17,
6905.12244987,9.871394072899835e-17,
6908.17046595,9.845548321454644e-17,
6911.21848202,9.131150380345524e-17,
6914.26649809,8.581671040318471e-17,
6917.31451416,9.444505072285693e-17,
6920.36253023,9.66283822635449e-17,
6923.4105463,9.125633948641718e-17,
6926.45856237,8.396676902067349e-17,
6929.50657845,8.76207037831267e-17,
6932.55459452,9.285463541299691e-17,
6935.60261059,8.673834185006754e-17,
6938.65062666,8.930421722609938e-17,
6941.69864273,9.02154302305392e-17,
6944.7466588,8.659582290023799e-17,
6947.79467487,8.440621358012921e-17,
6950.84269094,8.695980053686926e-17,
6953.89070702,8.674702388543673e-17,
6956.93872309,8.078273272635559e-17,
6959.98673916,8.952941586659858e-17,
6963.03475523,9.441566537237661e-17,
6966.0827713,9.65586588410416e-17,
6969.13078737,9.628751219797316e-17,
6972.17880344,9.286518742521484e-17,
6975.22681952,9.507082511831289e-17,
6978.27483559,9.694614475805712e-17,
6981.32285166,1.0053422962147944e-16,
6984.37086773,1.0358242545471329e-16,
6987.4188838,1.0551731721406762e-16,
6990.46689987,1.0653017681721438e-16,
6993.51491594,1.0587007498960641e-16,
6996.56293201,1.0218835771397179e-16,
6999.61094809,1.0612238829441245e-16,
7002.65896416,1.0846132862287123e-16,
7005.70698023,1.0739049973741329e-16,
7008.7549963,1.1082150654554079e-16,
7011.80301237,1.1403105466686659e-16,
7014.85102844,1.0734041107182183e-16,
7017.89904451,1.17403958622908e-16,
7020.94706059,1.2024739199120395e-16,
7023.99507666,1.1630748434066722e-16,
7027.04309273,1.2165067604641427e-16,
7030.0911088,1.2572655772780994e-16,
7033.13912487,1.1886013630898288e-16,
7036.18714094,1.2352586211638359e-16,
7039.23515701,1.277325086074167e-16,
7042.28317308,1.2971708832303778e-16,
7045.33118916,1.3066075878278087e-16,
7048.37920523,1.2735143403959688e-16,
7051.4272213,1.2617722214835817e-16,
7054.47523737,1.2616640299659042e-16,
7057.52325344,1.304384986773297e-16,
7060.57126951,1.3553191490399398e-16,
7063.61928558,1.3997978840851557e-16,
7066.66730165,1.3823136005493638e-16,
7069.71531773,1.2982501270116551e-16,
7072.7633338,1.32177844286215e-16,
7075.81134987,1.385960055404422e-16,
7078.85936594,1.4408705898701523e-16,
7081.90738201,1.4277807519289178e-16,
7084.95539808,1.381164900485133e-16,
7088.00341415,1.4645525109617943e-16,
7091.05143023,1.483212208516799e-16,
7094.0994463,1.495594126651008e-16,
7097.14746237,1.4846948330183064e-16,
7100.19547844,1.516992004591679e-16,
7103.24349451,1.555500170698393e-16,
7106.29151058,1.4982388081942367e-16,
7109.33952665,1.5528554891551642e-16,
7112.38754272,1.5992042010491275e-16,
7115.4355588,1.5461636434321453e-16,
7118.48357487,1.5459365748147974e-16,
7121.53159094,1.6109049133312926e-16,
7124.57960701,1.5748143601504597e-16,
7127.62762308,1.4776690628580112e-16,
7130.67563915,1.393626960484288e-16,
7133.72365522,1.5082298273575466e-16,
7136.7716713,1.558345206903988e-16,
7139.81968737,1.4397619607383947e-16,
7142.86770344,1.4438091249181848e-16,
7145.91571951,1.4814624444654708e-16,
7148.96373558,1.4530387963645043e-16,
7152.01175165,1.4379988397095753e-16,
7155.05976772,1.4840670550762268e-16,
7158.10778379,1.4907188298667726e-16,
7161.15579987,1.4948461359115087e-16,
7164.20381594,1.5147346753956908e-16,
7167.25183201,1.4299712962374508e-16,
7170.29984808,1.50991280652142e-16,
7173.34786415,1.5923921425286894e-16,
7176.39588022,1.5551261753286435e-16,
7179.44389629,1.6023297337820347e-16,
7182.49191236,1.5654511189292296e-16,
7185.53992844,1.653820882010055e-16,
7188.58794451,1.61770361487424e-16,
7191.63596058,1.605522051402397e-16,
7194.68397665,1.7187491495940768e-16,
7197.73199272,1.6912738468949752e-16,
7200.78000879,1.6719329434879265e-16,
7203.82802486,1.6675785688258422e-16,
7206.87604094,1.7352316598180399e-16,
7209.92405701,1.7260687732591758e-16,
7212.97207308,1.661768283617233e-16,
7216.02008915,1.7446616859267254e-16,
7219.06810522,1.7902356931262077e-16,
7222.11612129,1.7228898126163042e-16,
7225.16413736,1.7486019942865865e-16,
7228.21215343,1.7189227903014606e-16,
7231.26016951,1.6475030316567853e-16,
7234.30818558,1.723036739368706e-16,
7237.35620165,1.7319859142877133e-16,
7240.40421772,1.640009767284303e-16,
7243.45223379,1.674497483166209e-16,
7246.50024986,1.7254409953170958e-16,
7249.54826593,1.651443340016647e-16,
7252.59628201,1.6475831735217318e-16,
7255.64429808,1.6695954724269917e-16,
7258.69231415,1.668460129340252e-16,
7261.74033022,1.6851429942265806e-16,
7264.78834629,1.7103208967972209e-16,
7267.83636236,1.7141142784046805e-16,
7270.88437843,1.6859577698535352e-16,
7273.9323945,1.7485352093991315e-16,
7276.98041058,1.7365272866346723e-16,
7280.02842665,1.7786551936414622e-16,
7283.07644272,1.8525059221895097e-16,
7286.12445879,1.8477909091351671e-16,
7289.17247486,1.8004537809068653e-16,
7292.22049093,1.7627336764721235e-16,
7295.268507,1.7976221016787617e-16,
7298.31652308,1.9307911672645878e-16,
7301.36453915,1.9977363384497592e-16,
7304.41255522,1.9389656374891135e-16,
7307.46057129,1.881303565660226e-16,
7310.50858736,1.894754041993719e-16,
7313.55660343,1.9353859675215108e-16,
7316.6046195,1.9735334952359662e-16,
7319.65263557,1.9941967394146295e-16,
7322.70065165,2.0307547868076492e-16,
7325.74866772,2.0873082295047793e-16,
7328.79668379,2.0936394368355397e-16,
7331.84469986,2.1053267921402137e-16,
7334.89271593,2.061903258316791e-16,
7337.940732,2.0674597609530706e-16,
7340.98874807,2.1169607195349234e-16,
7344.03676414,2.0805362419168143e-16,
7347.08478022,2.131746893617522e-16,
7350.13279629,2.1180426347116987e-16,
7353.18081236,2.1126330588278214e-16,
7356.22882843,2.1170275044223786e-16,
7359.2768445,2.0609949838473995e-16,
7362.32486057,1.9904567857171338e-16,
7365.37287664,2.0572951010823771e-16,
7368.42089272,1.9961869290607968e-16,
7371.46890879,2.0683012505350072e-16,
7374.51692486,2.1253489013993062e-16,
7377.56494093,2.076449006804551e-16,
7380.612957,2.080522884939323e-16,
7383.66097307,2.0867205224951728e-16,
7386.70898914,2.1361546961895704e-16,
7389.75700521,2.0513913170313304e-16,
7392.80502129,2.0750865951004634e-16,
7395.85303736,2.225392662807314e-16,
7398.90105343,2.227302710588535e-16,
7401.9490695,2.1984249252528727e-16,
7404.99708557,2.0950552764495917e-16,
7408.04510164,2.1244272699524233e-16,
7411.09311771,2.2063589698825597e-16,
7414.14113379,2.2216393521323273e-16,
7417.18914986,2.2659177325151774e-16,
7420.23716593,2.277297877337557e-16,
7423.285182,2.2154283575989865e-16,
7426.33319807,2.2132778842229265e-16,
7429.38121414,2.217672329817484e-16,
7432.42923021,2.1994133415872105e-16,
7435.47724628,2.226995500106241e-16,
7438.52526236,2.188460620044545e-16,
7441.57327843,2.1395740824272805e-16,
7444.6212945,2.0851577561287196e-16,
7447.66931057,2.1131673379274635e-16,
7450.71732664,2.1380246730383183e-16,
7453.76534271,2.0408927327233606e-16,
7456.81335878,2.0054032435296252e-16,
7459.86137486,2.0325179078364685e-16,
7462.90939093,2.0042011155554303e-16,
7465.957407,1.9922599776784265e-16,
7469.00542307,2.0403317396687364e-16,
7472.05343914,2.016155610409925e-16,
7475.10145521,1.8459342892639103e-16,
7478.14947128,1.863178147204863e-16,
7481.19748735,1.9542193057838996e-16,
7484.24550343,1.896690803729922e-16,
7487.2935195,1.8802617214159236e-16,
7490.34153557,1.9746154104127416e-16,
7493.38955164,1.885898365917149e-16,
7496.43756771,1.8392023726084182e-16,
7499.48558378,1.8251641892653185e-16,
7502.53359985,1.7835171334482064e-16,
7505.58161592,1.747065941875115e-16,
7508.629632,1.7390517553804816e-16,
7511.67764807,1.6932506795636514e-16,
7514.72566414,1.7493499850260856e-16,
7517.77368021,1.76609963479987e-16,
7520.82169628,1.6961491436792107e-16,
7523.86971235,1.6583756113345048e-16,
7526.91772842,1.6426143778950588e-16,
7529.9657445,1.6851563512040716e-16,
7533.01376057,1.6326901436192046e-16,
7536.06177664,1.6220179186038507e-16,
7539.10979271,1.6875071792424976e-16,
7542.15780878,1.6767681693396886e-16,
7545.20582485,1.5711679052954018e-16,
7548.25384092,1.587356562014561e-16,
7551.30185699,1.561203600087074e-16,
7554.34987307,1.5607093919199048e-16,
7557.39788914,1.5666666038809156e-16,
7560.44590521,1.4916671752686374e-16,
7563.49392128,1.496368831345489e-16,
7566.54193735,1.4791917582919913e-16,
7569.58995342,1.4920812415708603e-16,
7572.63796949,1.4871525168766607e-16,
7575.68598557,1.4487244926348931e-16,
7578.73400164,1.405848594888604e-16,
7581.78201771,1.3438054344426498e-16,
7584.83003378,1.3080755196540757e-16,
7587.87804985,1.2852658091925997e-16,
7590.92606592,1.2497268991821477e-16,
7593.97408199,1.193421896266351e-16,
7597.02209806,1.1381814444565917e-16,
7600.07011414,9.819021364157406e-17,
7603.11813021,1.0350375285729096e-16,
7606.16614628,1.0271008125477242e-16,
7609.21416235,9.504664898905408e-17,
7612.26217842,1.038472943183609e-16,
7615.31019449,9.087032283692566e-17,
7618.35821056,9.08099492986661e-17,
7621.40622663,9.835049737146673e-17,
7624.45424271,1.0118231016934546e-16,
7627.50225878,9.58857343150422e-17,
7630.55027485,9.271518856799029e-17,
7633.59829092,1.0001477676685227e-16,
7636.64630699,9.092535358418881e-17,
7639.69432306,8.50942314906935e-17,
7642.74233913,8.88201603618235e-17,
7645.79035521,9.237565420016766e-17,
7648.83837128,9.686640360243552e-17,
7651.88638735,9.008867251414908e-17,
7654.93440342,9.29315716033454e-17,
7657.98241949,9.666017186997362e-17,
7661.03043556,9.727018503199014e-17,
7664.07845163,9.210611039439814e-17,
7667.1264677,9.209475696353074e-17,
7670.17448378,1.0877308047751247e-16,
7673.22249985,1.1026184918866556e-16,
7676.27051592,1.0728150680108627e-16,
7679.31853199,1.0471937137875194e-16,
7682.36654806,1.0661819929888044e-16,
7685.41456413,1.0662835060177364e-16,
7688.4625802,1.0221787663422703e-16,
7691.51059628,1.063660195638493e-16,
7694.55861235,1.0807838407820266e-16,
7697.60662842,1.0406381092349093e-16,
7700.65464449,1.0663756691624247e-16,
7703.70266056,1.115644216335933e-16,
7706.75067663,1.1573927851819772e-16,
7709.7986927,1.1372531345209632e-16,
7712.84670877,1.1517815189379845e-16,
7715.89472485,1.1987887298222573e-16,
7718.94274092,1.2197311348304835e-16,
7721.99075699,1.2862769323886724e-16,
7725.03877306,1.2656965014704537e-16,
7728.08678913,1.2097000447347008e-16,
7731.1348052,1.1580432699857914e-16,
7734.18282127,1.1786424006724976e-16,
7737.23083735,1.273062874556771e-16,
7740.27885342,1.2304661376400452e-16,
7743.32686949,1.2123928113968976e-16,
7746.37488556,1.2661880382421248e-16,
7749.42290163,1.2892221459254504e-16,
7752.4709177,1.2900302430636592e-16,
7755.51893377,1.3893126567546769e-16,
7758.56694984,1.3316973343470078e-16,
7761.61496592,1.4090008415764934e-16,
7764.66298199,1.4639514469746968e-16,
7767.71099806,1.5247924794464557e-16,
7770.75901413,1.5699657773212063e-16,
7773.8070302,1.5064934202837094e-16,
7776.85504627,1.5551395323061348e-16,
7779.90306234,1.5702062029160455e-16,
7782.95107841,1.5050375097371845e-16,
7785.99909449,1.5231095002825828e-16,
7789.04711056,1.6128550320449867e-16,
7792.09512663,1.6287631922368343e-16,
7795.1431427,1.696242642521648e-16,
7798.19115877,1.7396795333225616e-16,
7801.23917484,1.6656017361571658e-16,
7804.28719091,1.631608228442429e-16,
7807.33520699,1.7189227903014606e-16,
7810.38322306,1.6971642739685309e-16,
7813.43123913,1.7072888629067512e-16,
7816.4792552,1.7751022376288413e-16,
7819.52727127,1.7414025834189076e-16,
7822.57528734,1.730009081619037e-16,
7825.62330341,1.7718965630309878e-16,
7828.67131948,1.6184516056137392e-16,
7831.71933556,1.656532348440739e-16,
7834.76735163,1.7446883998817072e-16,
7837.8153677,1.73927882399783e-16,
7840.86338377,1.693651388888383e-16,
7843.91139984,1.6252102362242134e-16,
7846.95941591,1.652685538923315e-16,
7850.00743198,1.7650711475330585e-16,
7853.05544806,1.8174037853430152e-16,
7856.10346413,1.8103379442502464e-16,
7859.1514802,1.8145053212274559e-16,
7862.19949627,1.6989808229073143e-16,
7865.24751234,1.7795100402008897e-16,
7868.29552841,1.878939380644309e-16,
7871.34354448,1.8721406791013618e-16,
7874.39156055,1.8622298018029983e-16,
7877.43957663,1.8572743631538166e-16,
7880.4875927,1.898774492218527e-16,
7883.53560877,1.8492868906141652e-16,
7886.58362484,1.8430758960808244e-16,
7889.63164091,1.8536011943437763e-16,
7892.67965698,1.8341000072068348e-16,
7895.72767305,1.8164420829636592e-16,
7898.77568913,1.815680735246669e-16,
7901.8237052,1.8765084107409368e-16,
7904.87172127,1.7918251734476433e-16,
7907.91973734,1.6737628494042012e-16,
7910.96775341,1.7562154714564883e-16,
7914.01576948,1.7188426484365143e-16,
7917.06378555,1.8367046178175906e-16,
7920.11180162,1.8468024928008288e-16,
7923.1598177,1.7272842582108616e-16,
7926.20783377,1.6959354320393536e-16,
7929.25584984,1.6757129681178953e-16,
7932.30386591,1.6133893111446292e-16,
7935.35188198,1.5619115198940997e-16,
7938.39989805,1.565344263109301e-16,
7941.44791412,1.519302761697632e-16,
7944.49593019,1.4768810011860387e-16,
7947.54394627,1.4981720233067818e-16,
7950.59196234,1.4104433951455273e-16,
7953.63997841,1.4087470590041631e-16,
7956.68799448,1.4158796849843869e-16,
7959.73601055,1.3819262482021232e-16,
7962.78402662,1.375421400163979e-16,
7965.83204269,1.4421528597092935e-16,
7968.88005877,1.3278051111061143e-16,
7971.92807484,1.2715401791227907e-16,
7974.97609091,1.3330183394208732e-16,
7978.02410698,1.3542372338631645e-16,
7981.07212305,1.3228576866434272e-16,
7984.12013912,1.3413343936068044e-16,
7987.16815519,1.3077322453325554e-16,
7990.21617126,1.2914848179124352e-16,
7993.26418734,1.2514352566032537e-16,
7996.31220341,1.2142988520848712e-16,
7999.36021948,1.266619468615086e-16,
8002.40823555,1.2246678737111779e-16,
8005.45625162,1.2506538734200267e-16,
8008.50426769,1.280816599990329e-16,
8011.55228376,1.242041294333794e-16,
8014.60029984,1.2055099608957564e-16,
8017.64831591,1.1706041716183803e-16,
8020.69633198,1.2382225344691012e-16,
8023.74434805,1.2586600457281658e-16,
8026.79236412,1.1963243674751575e-16,
8029.84038019,1.1134870644711276e-16,
8032.88839626,1.099209791230938e-16,
8035.93641233,1.1247550106825823e-16,
8038.98442841,1.139424979061009e-16,
8042.03244448,1.159670149844202e-16,
8045.08046055,1.1755983455022862e-16,
8048.12847662,1.15319201576104e-16,
8051.17649269,1.106811247121098e-16,
8054.22450876,1.1708819967501943e-16,
8057.27252483,1.2270333944248438e-16,
8060.3205409,1.2072597249470847e-16,
8063.36855698,1.1907665291411292e-16,
8066.41657305,1.1463145080508954e-16,
8069.46458912,1.1226833434737195e-16,
8072.51260519,1.127737623756335e-16,
8075.56062126,1.1044377122209372e-16,
8078.60863733,1.092960061462873e-16,
8081.6566534,1.1206971609207995e-16,
8084.70466948,1.037990756296182e-16,
8087.75268555,1.0034990333210287e-16,
8090.80070162,1.0388562884376026e-16,
8093.84871769,9.901046562929979e-17,
8096.89673376,9.350592163546079e-17,
8099.94474983,1.0596771449506603e-16,
8102.9927659,1.0262940511072645e-16,
8106.04078197,9.835023023191692e-17,
8109.08879805,1.0160772990243558e-16,
8112.13681412,1.0317370194348696e-16,
8115.18483019,9.509954261991866e-17,
8118.23284626,9.67763775741458e-17,
8121.28086233,9.731132452266259e-17,
8124.3288784,9.061507099707159e-17,
8127.37689447,8.86769735631194e-17,
8130.42491055,9.347827269205431e-17,
8133.47292662,8.838832927953767e-17,
8136.52094269,9.02835508157436e-17,
8139.56895876,8.845711771361661e-17,
8142.61697483,8.063166531093176e-17,
8145.6649909,8.312020378729036e-17,
8148.71300697,8.977959205500604e-17,
8151.76102304,8.548265239613341e-17,
8154.80903912,7.922170276697591e-17,
8157.85705519,7.780746599022293e-17,
8160.90507126,8.040820307750638e-17,
8163.95308733,8.252635256803803e-17,
8167.0011034,8.149465962662888e-17,
8170.04911947,8.211522480086333e-17,
8173.09713554,8.086300816107684e-17,
8176.14515162,7.913568383193351e-17,
8179.19316769,8.015482121450107e-17,
8182.24118376,7.869370144675447e-17,
8185.28919983,7.562627156593351e-17,
8188.3372159,7.86484212930598e-17,
8191.38523197,7.762567752656965e-17,
8194.43324804,7.70835178102077e-17,
8197.48126411,7.777060073234761e-17,
8200.52928019,7.27481100561608e-17,
8203.57729626,7.631108380189994e-17,
8206.62531233,7.732060416067394e-17,
8209.6733284,8.285012570242121e-17,
8212.72134447,8.557361341284749e-17,
8215.76936054,7.796454404551774e-17,
8218.81737661,7.64534691819546e-17,
8221.86539268,7.662938057551181e-17,
8224.91340876,7.63283143028634e-17,
8227.96142483,7.364035615256334e-17,
8231.0094409,6.536036580585785e-17,
8234.05745697,6.09014060100187e-17,
8237.10547304,6.715941710412816e-17,
8240.15348911,6.759071390731435e-17,
8243.20150518,7.151886741765894e-17,
8246.24952126,7.623174335560306e-17,
8249.29753733,7.677550590926395e-17,
8252.3455534,7.534871357366938e-17,
8255.39356947,6.927302522231282e-17,
8258.44158554,7.226111465683691e-17,
8261.48960161,7.22229137012125e-17,
8264.53761768,6.887739154902776e-17,
8267.58563375,7.373532426252475e-17,
8270.63364983,7.222692079445981e-17,
8273.6816659,7.04668718704634e-17,
8276.72968197,6.83719635207662e-17,
8279.77769804,6.506584445218008e-17,
8282.82571411,6.828781456257254e-17,
8285.87373018,6.448067526829691e-17,
8288.92174625,6.1053274844092e-17,
8291.96976233,6.962979009109892e-17,
8295.0177784,7.676762529254423e-17,
8298.06579447,6.408383946703766e-17,
8301.11381054,5.980119177408043e-17,
8304.16182661,6.420952862522848e-17,
8307.20984268,7.22128959680942e-17,
8310.25785875,7.342116815193512e-17,
8313.30587482,7.176957788516607e-17,
8316.3538909,7.28441467243215e-17,
8319.40190697,7.278577673268559e-17,
8322.44992304,7.70304906095682e-17,
8325.49793911,7.74238535966798e-17,
8328.54595518,7.142830711026959e-17,
8331.59397125,7.34831445274936e-17,
8334.64198732,8.245168706386302e-17,
8337.6900034,7.534430577109733e-17,
8340.73801947,7.817464930145204e-17,
8343.78603554,8.243605940019848e-17,
8346.83405161,7.937530800812305e-17,
8349.88206768,7.3593072452245e-17,
8352.93008375,7.509426315246476e-17,
8355.97809982,7.512418278204472e-17,
8359.02611589,8.085138759065962e-17,
8362.07413197,7.750653328734943e-17,
8365.12214804,5.755307889256083e-17,
8368.17016411,6.557367673639e-17,
8371.21818018,6.331688181950123e-17,
8374.26619625,6.70448142372549e-17,
8377.31421232,6.55381471762638e-17,
8380.36222839,5.806037689767113e-17,
8383.41024446,6.459140461169778e-17,
8386.45826054,6.602794754086082e-17,
8389.50627661,6.517136457435941e-17,
8392.55429268,6.27067350877098e-17,
8395.60230875,6.500667304189469e-17,
8398.65032482,6.962725226537562e-17,
8401.69834089,7.115555762990222e-17,
8404.74635696,6.126925717012237e-17,
8407.79437304,7.096348429358084e-17,
8410.84238911,7.293029922913881e-17,
8413.89040518,6.389176613071627e-17,
8416.93842125,6.772201299605143e-17,
8419.98643732,6.501989644961084e-17,
8423.03445339,7.301551674553175e-17,
8426.08246946,6.717811687261564e-17,
8429.13048553,5.943200491622765e-17,
8432.17850161,6.97206175380381e-17,
8435.22651768,8.02348295096725e-17,
8438.27453375,8.23832993391088e-17,
8441.32254982,8.206794110054499e-17,
8444.37056589,7.705346461085281e-17,
8447.41858196,7.730056869443736e-17,
8450.46659803,8.121069028516902e-17,
8453.51461411,9.170553463944139e-17,
8456.56263018,9.366967817950114e-17,
8459.61064625,9.271011291654368e-17,
8462.65866232,9.130562673335918e-17,
8465.70667839,9.760664729498983e-17,
8468.75469446,1.162314831387431e-16,
8471.80271053,1.0974733841571008e-16,
8474.8507266,1.0913051319517313e-16,
8477.89874268,1.242725171581336e-16,
8480.94675875,1.2941294994556643e-16,
8483.99477482,1.2947265563495146e-16,
8487.04279089,1.404432755274552e-16,
8490.09080696,1.4644723690968478e-16,
8493.13882303,1.475785729031772e-16,
8496.1868391,1.4835461329540756e-16,
8499.23485518,1.5070544133383338e-16,
8502.28287125,1.6526053970583687e-16,
8505.33088732,1.7210198357675566e-16,
8508.37890339,1.678972070625713e-16,
8511.42691946,1.7124312992408077e-16,
8514.47493553,1.8320831036056853e-16,
8517.5229516,1.7693988082401607e-16,
8520.57096767,1.7889667802645573e-16,
8523.61898375,1.7735661852173699e-16,
8526.66699982,1.755614407469391e-16,
8529.71501589,1.760877056600867e-16,
8532.76303196,1.8012952704888017e-16,
8535.81104803,1.8940461221866931e-16,
8538.8590641,1.8080672580767671e-16,
8541.90708017,1.74080151943181e-16,
8544.95509624,1.8150128863721158e-16,
8548.00311232,1.8261659625771478e-16,
8551.05112839,1.8430892530583154e-16,
8554.09914446,1.835769629393217e-16,
8557.14716053,1.851103439552949e-16,
8560.1951766,1.8801548655959953e-16,
8563.24319267,1.8177510667577827e-16,
8566.29120874,1.7373153483066446e-16,
8569.33922482,1.7961394771772544e-16,
8572.38724089,1.895381819935799e-16,
8575.43525696,1.8813302796152081e-16,
8578.48327303,1.7771057842524998e-16,
8581.5312891,1.8491399638617638e-16,
8584.57930517,1.9439210761382955e-16,
8587.62732124,1.856913724761558e-16,
8590.67533731,1.8137306165329746e-16,
8593.72335339,1.9269042868146907e-16,
8596.77136946,1.9298428218627226e-16,
8599.81938553,1.9245801727312468e-16,
8602.8674016,1.9990586792213738e-16,
8605.91541767,2.0485062098932624e-16,
8608.96343374,2.0385419046849348e-16,
8612.01144981,2.1851748035817451e-16,
8615.05946589,2.219382022936339e-16,
8618.10748196,2.2987892541206657e-16,
8621.15549803,2.3382190516742623e-16,
8624.2035141,2.310543394312795e-16,
8627.25153017,2.3479963591977154e-16,
8630.29954624,2.384354051928369e-16,
8633.34756231,2.4335878709604005e-16,
8636.39557838,2.495604317451373e-16,
8639.44359446,2.5393751326895626e-16,
8642.49161053,2.6111021018165325e-16,
8645.5396266,2.799301914665508e-16,
8648.58764267,2.8151700039248826e-16,
8651.63565874,2.8375562981998924e-16,
8654.68367481,3.0295628496338194e-16,
8657.73169088,3.1788537870513493e-16,
8660.77970695,3.110212279724814e-16,
8663.82772303,3.196458283384561e-16,
8666.8757391,3.240496238172572e-16,
8669.92375517,3.2117119516793466e-16,
8672.97177124,3.2605049904541737e-16,
8676.01978731,3.4071512463284755e-16,
8679.06780338,3.2745164598422914e-16,
8682.11581945,3.2372237786872634e-16,
8685.16383553,3.3526948490974407e-16,
8688.2118516,3.4819636772558787e-16,
8691.25986767,3.5255207808542117e-16,
8694.30788374,3.374413294497897e-16,
8697.35589981,3.375561994562128e-16,
8700.40391588,3.414604439768484e-16,
8703.45193195,3.40164817160216e-16,
8706.49994802,3.3949830398341236e-16,
8709.5479641,3.602390186315238e-16,
8712.59598017,3.4680323497327077e-16,
8715.64399624,3.2750373819644424e-16,
8718.69201231,3.327303234886944e-16,
8721.74002838,3.4556504315984987e-16,
8724.78804445,3.3547251096760816e-16,
8727.83606052,3.3684827964918685e-16,
8730.8840766,3.3533359840170116e-16,
8733.93209267,3.3217868031831375e-16,
8736.98010874,3.3827614054298075e-16,
8740.02812481,3.3209586705786917e-16,
8743.07614088,3.242793638301034e-16,
8746.12415695,3.3076951919300736e-16,
8749.17217302,3.2959009808054717e-16,
8752.22018909,3.249138202609285e-16,
8755.26820517,3.2753980203567014e-16,
8758.31622124,3.344266596300585e-16,
8761.36423731,3.350517661766399e-16,
8764.41225338,3.360268255334869e-16,
8767.46026945,3.378086463307938e-16,
8770.50828552,3.373157738613738e-16,
8773.55630159,3.219165145119356e-16,
8776.60431767,3.380036582021632e-16,
8779.65233374,3.5629336748066586e-16,
8782.70034981,3.5246792912722753e-16,
8785.74836588,3.449800075457416e-16,
8788.79638195,3.537154708248921e-16,
8791.84439802,3.553984499887652e-16,
8794.89241409,3.4297913231758145e-16,
8797.94043016,3.455516861823588e-16,
8800.98844624,3.586896092425613e-16,
8804.03646231,3.4268127171953094e-16,
8807.08447838,3.426265081118176e-16,
8810.13249445,3.410998055845899e-16,
8813.18051052,3.2532922226090035e-16,
8816.22852659,3.1631994094318324e-16,
8819.27654266,3.2377981287193785e-16,
8822.32455873,3.115675283518656e-16,
8825.37257481,3.0278130855824904e-16,
8828.42059088,2.990747473044811e-16,
8831.46860695,3.0220562282838454e-16,
8834.51662302,2.991922887064024e-16,
8837.56463909,2.797498722704216e-16,
8840.61265516,2.773816801612574e-16,
8843.66067123,2.717356857757881e-16,
8846.70868731,2.6199978488255755e-16,
8849.75670338,2.534446407995363e-16,
8852.80471945,2.5422068119176663e-16,
8855.85273552,2.5891165168662544e-16,
8858.90075159,2.592776328698804e-16,
8861.94876766,2.5615477153247153e-16,
8864.99678373,2.5157199255529027e-16,
8868.0447998,2.349879693023954e-16,
8871.09281588,2.2893992989444537e-16,
8874.14083195,2.314323418942764e-16,
8877.18884802,2.3612331238913514e-16,
8880.23686409,2.319919992511516e-16,
8883.28488016,2.1861365059611014e-16,
8886.33289623,2.320200489038828e-16,
8889.3809123,2.4171855026013845e-16,
8892.42892838,2.2549783679500025e-16,
8895.47694445,2.1075841213362022e-16,
8898.52496052,2.0252650690588252e-16,
8901.57297659,1.9769261675186945e-16,
8904.62099266,1.9258891565253703e-16,
8907.66900873,1.9501721416041097e-16,
8910.7170248,2.006271447066544e-16,
8913.76504087,1.9870373994794235e-16,
8916.81305695,1.9451632750449636e-16,
8919.86107302,1.8922830011578738e-16,
8922.90908909,1.897585721221823e-16,
8925.95710516,1.8637792111919608e-16,
8929.00512123,1.8444783787173854e-16,
8932.0531373,1.9396602003186485e-16,
8935.10115337,1.8836276797436697e-16,
8938.14916945,1.8016692658585513e-16,
8941.19718552,1.8003068541544634e-16,
8944.24520159,1.8289041429628142e-16,
8947.29321766,1.855511242124997e-16,
8950.34123373,1.7280723198828338e-16,
8953.3892498,1.665094171012506e-16,
8956.43726587,1.717533664642391e-16,
8959.48528194,1.6492527957081136e-16,
8962.53329802,1.585660225873197e-16,
8965.58131409,1.5715953285751152e-16,
8968.62933016,1.598736706836941e-16,
8971.67734623,1.5153624533377704e-16,
8974.7253623,1.4356212977161675e-16,
8977.77337837,1.4043659703870968e-16,
8980.82139444,1.3157223892677052e-16,
8983.86941051,1.3994639596478793e-16,
8986.91742659,1.4704429380353497e-16,
8989.96544266,1.3365258817100246e-16,
8993.01345873,1.3203425677818613e-16,
8996.0614748,1.1900519308453576e-16,
8999.10949087,1.0898158289614785e-16,
9002.15750694,1.0798555308463982e-16,
9005.20552301,1.0741400801779755e-16,
9008.25353909,1.0879485235082289e-16,
9011.30155516,1.0704709184611824e-16,
9014.34957123,1.0326065586695374e-16,
9017.3975873,1.0658307044807896e-16,
9020.44560337,1.0993540465878415e-16,
9023.49361944,9.807734718177465e-17,
9026.54163551,9.706595684615189e-17,
9029.58965158,9.788888022937583e-17,
9032.63766766,9.797636843194225e-17,
9035.68568373,9.765326314643362e-17,
9038.7336998,9.650282667512897e-17,
9041.78171587,9.563315387068634e-17,
9044.82973194,1.0275055289657033e-16,
9047.87774801,1.1021990827934363e-16,
9050.92576408,1.070706001265025e-16,
9053.97378016,1.0041909247550654e-16,
9057.02179623,1.0367352004120228e-16,
9060.0698123,1.0397712413957398e-16,
9063.11782837,1.0169227956995397e-16,
9066.16584444,9.859639932707707e-17,
9069.21386051,9.373071956663526e-17,
9072.26187658,9.369973137885601e-17,
9075.30989265,8.676732649122314e-17,
9078.35790873,8.52953875717088e-17,
9081.4059248,8.561595503149413e-17,
9084.45394087,8.023910374246962e-17,
9087.50195694,7.938545931101625e-17,
9090.54997301,7.253479912562865e-17,
9093.59798908,7.324632531657719e-17,
9096.64600515,8.341712939691653e-17,
9099.69402122,8.498483784504175e-17,
9102.7420373,8.387367088756083e-17,
9105.79005337,8.596109932986303e-17,
9108.83806944,8.785885869179223e-17,
9111.88608551,8.306503947025231e-17,
9114.93410158,7.844446024677138e-17,
9117.98211765,7.992668403895384e-17,
9121.03013372,7.82944613895468e-17,
9124.0781498,7.319249669728824e-17,
9127.12616587,7.390308789981241e-17,
9130.17418194,7.641994316845204e-17,
9133.22219801,7.897540010204084e-17,
9136.27021408,7.750626614779961e-17,
9139.31823015,7.503575959105392e-17,
9142.36624622,7.636117246749141e-17,
9145.41426229,6.853612077413128e-17,
9148.46227837,6.88855393052973e-17,
9151.51029444,7.893973697213972e-17,
9154.55831051,7.422165181297409e-17,
9157.60632658,6.966692248852406e-17,
9160.65434265,7.246654497064935e-17,
9163.70235872,6.656436375690161e-17,
9166.75037479,6.104526065759736e-17,
9169.79839087,6.150981633473629e-17,
9172.84640694,6.644575379678104e-17,
9175.89442301,6.960775107823869e-17,
9178.94243908,7.178747623500408e-17,
9181.99045515,6.51673574811121e-17,
9185.03847122,5.860494086998147e-17,
9188.08648729,5.769880351698825e-17,
9191.13450336,6.144730568007815e-17,
9194.18251944,6.123492973797036e-17,
9197.23053551,7.54679913826645e-17,
9200.27855158,7.924481033803543e-17,
9203.32656765,6.591361181353738e-17,
9206.37458372,7.253266200923008e-17,
9209.42259979,7.075832111931822e-17,
9212.47061586,7.902802659335559e-17,
9215.51863194,8.417286718336046e-17,
9218.56664801,8.141598702920655e-17,
9221.61466408,7.533188378203065e-17,
9224.66268015,7.923131979076948e-17,
9227.71069622,7.913448170395932e-17,
9230.75871229,7.432249699303156e-17,
9233.80672836,7.937984938047001e-17,
9236.85474443,8.879064144156828e-17,
9239.90276051,8.26438939699593e-17,
9242.95077658,8.239932771209809e-17,
9245.99879265,8.560954368229842e-17,
9249.04680872,8.227537496098108e-17,
9252.09482479,8.200088907353988e-17,
9255.14284086,9.02509597906654e-17,
9258.19085693,8.534160271382784e-17,
9261.238873,8.8202667292412e-17,
9264.28688908,9.99124623192708e-17,
9267.33490515,9.642442121725648e-17,
9270.38292122,9.29645633377483e-17,
9273.43093729,9.091560299062034e-17,
9276.47895336,9.456285926432803e-17,
9279.52696943,1.0444114553761326e-16,
9282.5749855,1.0162749822912236e-16,
9285.62300158,9.228041895065643e-17,
9288.67101765,9.262209043487763e-17,
9291.71903372,8.97082657952038e-17,
9294.76704979,8.374905028756927e-17,
9297.81506586,8.751545080049719e-17,
9300.86308193,9.480969620836275e-17,
9303.911098,9.172289871017977e-17,
9306.95911407,8.439819939363459e-17,
9310.00713015,7.859873333679307e-17,
9313.05514622,8.101474342537524e-17,
9316.10316229,7.366052518857483e-17,
9319.15117836,6.960441183386593e-17,
9322.19919443,7.347432892234952e-17,
9325.2472105,7.621851994788693e-17,
9328.29522657,7.063450193797614e-17,
9331.34324265,6.661231530609451e-17,
9334.39125872,6.540377598270379e-17,
9337.43927479,5.612869081291464e-17,
9340.48729086,4.862741225393771e-17,
9343.53530693,5.685130329518075e-17,
9346.583323,5.873183215614651e-17,
9349.63133907,5.17230253572648e-17,
9352.67935514,5.28211024768045e-17,
9355.72737122,5.436824117959349e-17,
9358.77538729,5.051876026667121e-17,
9361.82340336,4.994414309500599e-17,
9364.87141943,5.3904887630428764e-17,
9367.9194355,5.292956113403187e-17,
9370.96745157,5.0230650262189143e-17,
9374.01546764,5.3951369912097636e-17,
9377.06348372,5.806451756069336e-17,
9380.11149979,5.614872627915123e-17,
9383.15951586,5.869269621209772e-17,
9386.20753193,5.794684258899715e-17,
9389.255548,6.100185048075144e-17,
9392.30356407,7.250581448447306e-17,
9395.35158014,6.263621024655702e-17,
9398.39959621,6.265424216616995e-17,
9401.44761229,8.072169133922147e-17,
9404.49562836,7.545824078909604e-17,
9407.54364443,7.858497564997727e-17,
9410.5916605,8.386004677051995e-17,
9413.63967657,8.512228114342472e-17,
9416.68769264,8.002258713733962e-17,
9419.73570871,7.742799425970202e-17,
9422.78372478,7.15701582112246e-17,
9425.83174086,7.205100940090262e-17,
9428.87975693,7.910790131875211e-17,
9431.927773,8.441623131324751e-17,
9434.97578907,8.027449973282092e-17,
9438.02380514,6.991629725828207e-17,
9441.07182121,6.333117378541666e-17,
9444.11983728,6.858380518377435e-17,
9447.16785336,6.520569200651142e-17,
9450.21586943,5.713914616011302e-17,
9453.2638855,5.193526772959768e-17,
9456.31190157,5.0796585398485166e-17,
9459.35991764,5.706594992346203e-17,
9462.40793371,6.318691842851326e-17,
9465.45594978,6.601085060967227e-17,
9468.50396585,6.037527466664601e-17,
9471.55198193,5.3026399220842025e-17,
9474.599998,5.3112685295434244e-17,
9477.64801407,5.2411310407378904e-17,
9480.69603014,5.73718247080072e-17,
9483.74404621,5.97261255605807e-17,
9486.79206228,5.33068957481542e-17,
9489.84007835,5.275271475205029e-17,
9492.88809443,5.385119258091472e-17,
9495.9361105,5.2824041011852526e-17,
9498.98412657,6.241541940862987e-17,
9502.03214264,6.539589536598405e-17,
9505.08015871,4.652515756662044e-17,
9508.12817478,4.9769300259648066e-17,
9511.17619085,5.160147686209619e-17,
9514.22420692,4.8622203032716203e-17,
9517.272223,4.809633882889333e-17,
9520.32023907,4.785658108292888e-17,
9523.36825514,5.553724384961069e-17,
9526.41627121,5.209742143633909e-17,
9529.46428728,5.2603650883250106e-17,
9532.51230335,5.0430203505905513e-17,
9535.56031942,4.056620919853572e-17,
9538.60833549,4.664029471259334e-17,
9541.65635157,4.665418596918404e-17,
9544.70436764,4.657377696468788e-17,
9547.75238371,4.866000327901589e-17,
9550.80039978,4.762817676783183e-17,
9553.84841585,5.609823690423504e-17,
9556.89643192,5.250748064531451e-17,
9559.94444799,4.569061361297927e-17,
9562.99246407,5.3922785980266775e-17,
9566.04048014,5.118874625762257e-17,
9569.08849621,4.6463047621287026e-17,
9572.13651228,4.3157462831800544e-17,
9575.18452835,5.186447574889508e-17,
9578.23254442,6.119085171224988e-17,
9581.28056049,4.7934719401251557e-17,
9584.32857656,4.001242891175654e-17,
9587.37659264,5.414517965549286e-17,
9590.42460871,5.913374360885238e-17,
9593.47262478,5.503288437954842e-17,
9596.52064085,5.299153750959037e-17,
9599.56865692,4.959873165708729e-17,
9602.61667299,4.887050924427493e-17,
9605.66468906,4.4311238547477944e-17,
9608.71270514,4.010846557991724e-17,
9611.76072121,4.362121709029e-17,
9614.80873728,4.5619420922951946e-17,
9617.85675335,4.544845161106643e-17,
9620.90476942,4.566870816989394e-17,
9623.95278549,4.9281102732349983e-17,
9627.00080156,4.3953672260042376e-17,
9630.04881763,3.7546998006457464e-17,
9633.09683371,4.221152168588397e-17,
9636.14484978,4.23763467881236e-17,
9639.19286585,3.19619114383474e-17,
9642.24088192,3.634233220653915e-17,
9645.28889799,4.2569622252419174e-17,
9648.33691406,3.8590177948508927e-17,
9651.38493013,3.3754150678097264e-17,
9654.43294621,3.939426799347048e-17,
9657.48096228,4.20612556891096e-17,
9660.52897835,3.931092045392629e-17,
9663.57699442,2.8878720324086995e-17,
9666.62501049,3.2522637353421924e-17,
9669.67302656,4.198084668461344e-17,
9672.72104263,3.7961331448230015e-17,
9675.7690587,3.5114291696011475e-17,
9678.81707478,3.5436328423320833e-17,
9681.86509085,3.0211078828819806e-17,
