wave,flux,flux_err
obswave,flux,
3776.7,-1.0836688833433835e-16,
3802.3,1.7682500610398995e-16,
3827.9,1.5410615938454608e-16,
3853.4,1.4978354695562537e-16,
3879.0,9.548952433097217e-17,
3904.6,1.9170283492911245e-17,
3930.1,1.3480519226006282e-16,
3955.7,1.542066852549861e-17,
3981.3,4.352770190052737e-17,
4006.8,2.340242263843596e-16,
4032.4,1.347046663896228e-16,
4058.0,1.9984543043475383e-16,
4083.6,1.2736627784750155e-16,
4109.1,2.1231063836931594e-16,
4134.7,2.0406751699323453e-16,
4160.3,1.979354388963935e-16,
4185.8,2.103001209605156e-16,
4211.4,1.6285191011282757e-16,
4237.0,1.5903192703610693e-16,
4262.6,7.85006522266093e-17,
4288.1,1.7390975586122945e-16,
4313.7,1.6797872950526842e-16,
4339.3,1.4686829671286487e-16,
4364.8,1.6807925537570846e-16,
4390.4,1.6797872950526842e-16,
4416.0,7.337383283416843e-17,
4441.6,1.1188529379973895e-16,
4467.1,1.3379993355566265e-16,
4492.7,1.547093146071862e-16,
4518.3,1.5631772853422648e-16,
4543.8,2.0346436177059444e-16,
4569.4,2.1331589707371612e-16,
4595.0,1.4747145193550496e-16,
4620.5,1.9682965432155332e-16,
4646.1,2.073848707177551e-16,
4671.7,2.2025218213407729e-16,
4697.3,2.515157278409226e-16,
4722.8,2.323152865868793e-16,
4748.4,1.6204770314930745e-16,
4774.0,1.7149713497066904e-16,
4799.5,1.5239721958706578e-16,
4825.1,1.6375664294678773e-16,
4850.7,1.1882157886010012e-16,
4876.3,1.570214096273066e-16,
4901.8,1.3601150270534302e-16,
4927.4,1.5501089221850624e-16,
4953.0,1.7230134193418918e-16,
4978.5,2.019564737139942e-16,
5004.1,1.9220546428131254e-16,
5029.7,2.4488102039188146e-16,
5055.3,2.2889740699191876e-16,
5080.8,2.0296173241839437e-16,
5106.4,1.6586768622602806e-16,
5132.0,1.8929021403855203e-16,
5157.5,1.588308752952269e-16,
5183.1,1.7722710958575e-16,
5208.7,1.695871434323087e-16,
5234.2,1.7270344541594924e-16,
5259.8,1.9703070606243337e-16,
5285.4,1.7883552351279027e-16,
5311.0,1.5762456484994668e-16,
5336.5,1.6164559966754737e-16,
5362.1,1.8084604092159062e-16,
5387.7,2.0658066375423498e-16,
5413.2,1.7350765237946939e-16,
5438.8,1.6405822055810777e-16,
5464.4,1.8516865335051133e-16,
5490.0,2.3643684727492e-16,
5515.5,2.3281791593907943e-16,
5541.1,2.2698741545355843e-16,
5566.7,2.5040994326608237e-16,
5592.2,2.473941671528819e-16,
5617.8,2.300031915667589e-16,
5643.4,2.273895189353185e-16,
5668.9,2.264847861013583e-16,
5694.5,2.523199348044427e-16,
5720.1,1.9884017173035366e-16,
5745.7,1.641587464285478e-16,
5771.2,1.3188994201730232e-16,
5796.8,1.842639205165512e-16,
5822.4,1.4626514149022476e-16,
5847.9,1.5782561659082673e-16,
5873.5,2.0135331849135408e-16,
5899.1,2.0115226675047408e-16,
5924.7,2.1592956970515657e-16,
5950.2,2.281937258988386e-16,
5975.8,2.274900448057585e-16,
6001.4,2.2015165626363727e-16,
6026.9,2.237705875994779e-16,
6052.5,2.196490269114372e-16,
6078.1,1.8476654986875127e-16,
6103.7,1.5913245290654695e-16,
6129.2,2.0266015480707432e-16,
6154.8,1.7974025634675043e-16,
6180.4,1.7531711804738968e-16,
6205.9,1.7923762699455035e-16,
6231.5,1.878828518523918e-16,
6257.1,2.30706872659839e-16,
6282.6,2.371405283680001e-16,
6308.2,2.316116054937992e-16,
6333.8,2.3482843334787973e-16,
6359.4,2.4347365820572125e-16,
6384.9,2.3704000249756015e-16,
6410.5,2.1120485379447576e-16,
6436.1,2.457857532258416e-16,
6461.6,2.2940003634411883e-16,
6487.2,2.1743745776175682e-16,
6512.8,2.315110796233592e-16,
6538.4,2.4085998557428077e-16,
6563.9,2.3894999403592043e-16,
6589.5,2.1060169857183567e-16,
6615.1,2.0999854334919555e-16,
6640.6,2.1653272492779666e-16,
6666.2,2.2065428561583734e-16,
6691.8,2.0487172395675467e-16,
6717.4,1.9280861950395265e-16,
6742.9,1.7652342849266988e-16,
6768.5,1.6335453946502764e-16,
6794.1,1.547093146071862e-16,
6819.6,1.5169353849398568e-16,
6845.2,1.5903192703610693e-16,
6870.8,1.4133937383866393e-16,
6896.3,1.2505418282738119e-16,
6921.9,1.2535576043870123e-16,
6947.5,1.2857258829278176e-16,
6973.1,1.4887881412166522e-16,
6998.6,1.7762921306751007e-16,
7024.2,1.7622185088134984e-16,
7049.8,1.8637496379579153e-16,
7075.3,2.0527382743851473e-16,
7100.9,2.00850689139154e-16,
7126.5,2.0366541351147447e-16,
7152.1,1.88988636427232e-16,
7177.6,2.0175542197311417e-16,
7203.2,2.2055375974539733e-16,
7228.8,2.1231063836931594e-16,
7254.3,2.1532641448251646e-16,
7279.9,2.1050117270139565e-16,
7305.5,2.1814113885483693e-16,
7331.1,2.4699206367112177e-16,
7356.6,2.322147607164393e-16,
7382.2,2.0597750853159489e-16,
7407.8,2.2487637217431807e-16,
7433.3,2.404578820925207e-16,
7458.9,2.3905051990636045e-16,
7484.5,2.2186059606111755e-16,
7510.0,2.049722498271947e-16,
7535.6,1.955228180058331e-16,
7561.2,1.7853394590147023e-16,
7586.8,1.647619016511879e-16,
7612.3,1.5259827132794584e-16,
7637.9,1.5259827132794584e-16,
7663.5,1.624498066310675e-16,
7689.0,1.4807460715814507e-16,
7714.6,1.4837618476946512e-16,
7740.2,1.682803071165885e-16,
7765.8,1.7350765237946939e-16,
7791.3,1.8446497225743122e-16,
7816.9,2.0014700804607388e-16,
7842.5,1.9863911998947363e-16,
7868.0,1.9351230059703275e-16,
7893.6,1.9170283492911246e-16,
7919.2,1.8999389513163216e-16,
7944.7,1.8325866181215102e-16,
7970.3,1.7119555735934897e-16,
7995.9,1.5742351310906665e-16,
8021.5,1.4978354695562537e-16,
8047.0,1.560161509229064e-16,
8072.6,1.5370405590278603e-16,
8098.2,1.4566198626758467e-16,
8123.7,1.3892675294810353e-16,
8149.3,1.2364682064122093e-16,
8174.9,1.0917109529785849e-16,
8200.5,1.0414480177585763e-16,
8226.0,1.0866846594565839e-16,
8251.6,1.1128213857709884e-16,
8277.2,1.0776373311169825e-16,
8302.7,1.1419738881985934e-16,
8328.3,1.2615996740222135e-16,
8353.9,1.1329265598589918e-16,
8379.5,1.0545163809157786e-16,
8405.0,1.3068363157202212e-16,
8430.6,1.542066852549861e-16,
8456.2,1.6033876335182715e-16,
8481.7,1.6395769468766776e-16,
8507.3,1.8114761853291066e-16,
8532.9,1.9863911998947363e-16,
8558.4,2.1743745776175682e-16,
8584.0,2.4648943431892174e-16,
8609.6,2.6568987557296497e-16,
8635.2,2.7523983326476657e-16,
8660.7,3.066039048420519e-16,
8686.3,3.4359742516397817e-16,
8711.9,3.534489604670998e-16,
8737.4,3.4118480427341777e-16,
8763.0,3.279153893753355e-16,
8788.6,3.079107411577721e-16,
8814.2,2.6478514273900483e-16,
8839.7,2.4427786516924137e-16,
8865.3,2.239716393403579e-16,
8890.9,2.409605114447208e-16,
8916.4,2.3764315772020024e-16,
8942.0,2.0597750853159489e-16,
8967.6,1.625503325015075e-16,
8993.2,1.436514688587843e-16,
9018.7,1.5320142655058593e-16,
9044.3,1.6084139270402725e-16,
9069.9,1.4606408974934473e-16,
9095.4,1.4847671063990513e-16,
9121.0,1.494819693443053e-16,
9146.6,1.354083474827029e-16,
9172.1,1.3661465792798314e-16,
9197.7,1.5742351310906665e-16,
9223.3,1.682803071165885e-16,
