wave,flux,flux_err
obswave,flux,
3776.7,4.4867486887155674e-17,
3802.3,3.57653511893704e-17,
3827.9,9.559191548134448e-17,
3853.4,5.154303608735151e-17,
3879.0,-9.657619353859963e-19,
3904.6,1.2064715196850289e-16,
3930.1,1.4315885803047716e-16,
3955.7,7.328486129266086e-17,
3981.3,1.8818227015442573e-16,
4006.8,2.9041075352676783e-16,
4032.4,1.732719193861051e-16,
4058.0,1.9627089181305718e-16,
4083.6,1.8672047105949233e-16,
4109.1,1.0992729193899131e-16,
4134.7,1.1099927794194247e-16,
4160.3,1.6401385845152693e-16,
4185.8,1.906186019793147e-16,
4211.4,1.8584339160253228e-16,
4237.0,1.7843694285486977e-16,
4262.6,1.283459605351521e-16,
4288.1,1.0437245537824442e-16,
4313.7,1.4822642822624625e-16,
4339.3,1.647934846354914e-16,
4364.8,1.7678023721394525e-16,
4390.4,1.497856805941752e-16,
4416.0,1.425741383925038e-16,
4441.6,1.655731108194559e-16,
4467.1,1.5758194243381998e-16,
4492.7,1.517347460540864e-16,
4518.3,1.8438159250759888e-16,
4543.8,1.950039992641149e-16,
4569.4,2.265788597146762e-16,
4595.0,2.1010925657842665e-16,
4620.5,1.9705051799702166e-16,
4646.1,2.3349804209736096e-16,
4671.7,1.4393848421444162e-16,
4697.3,2.1439720059023128e-16,
4722.8,1.693737884662827e-16,
4748.4,1.8204271395570547e-16,
4774.0,1.5641250315787327e-16,
4799.5,1.8038600831478094e-16,
4825.1,1.1528722195374708e-16,
4850.7,2.0104610218983958e-16,
4876.3,1.3282881109294783e-16,
4901.8,2.162488127771469e-16,
4927.4,2.6663215491585123e-16,
4953.0,1.7648787739495856e-16,
4978.5,2.160539062311558e-16,
5004.1,2.1732079878009808e-16,
5029.7,2.0133846200882627e-16,
5055.3,2.2385016807080057e-16,
5080.8,2.1293540149529788e-16,
5106.4,1.9383455998816817e-16,
5132.0,1.6976360155826494e-16,
5157.5,1.9685561145103054e-16,
5183.1,2.090372705754755e-16,
5208.7,1.7804712976288752e-16,
5234.2,1.9627089181305718e-16,
5259.8,2.3856561229313005e-16,
5285.4,1.4783661513426402e-16,
5311.0,1.7142030719918947e-16,
5336.5,1.7551334466500297e-16,
5362.1,1.3935818038365034e-16,
5387.7,1.3623967564779242e-16,
5413.2,1.5650995643086883e-16,
5438.8,1.398454467486281e-16,
5464.4,1.2795614744316986e-16,
5490.0,2.802756131352296e-16,
5515.5,2.2443488770877395e-16,
5541.1,2.469465937707482e-16,
5566.7,2.6955575310571803e-16,
5592.2,3.4556930604225455e-16,
5617.8,2.1293540149529788e-16,
5643.4,2.1595645295816022e-16,
5668.9,1.889618963383902e-16,
5694.5,1.8428413923460335e-16,
5720.1,1.7746241012491414e-16,
5745.7,1.729795595671184e-16,
5771.2,1.3302371763893895e-16,
5796.8,1.5524306388192656e-16,
5822.4,1.2698161471321425e-16,
5847.9,1.6917888192029159e-16,
5873.5,1.6274696590258466e-16,
5899.1,1.8252998032068326e-16,
5924.7,1.6615783045742925e-16,
5950.2,2.0133846200882627e-16,
5975.8,2.8456355714703423e-16,
6001.4,1.9773269090799058e-16,
6026.9,2.133252145872801e-16,
6052.5,1.964657983590483e-16,
6078.1,1.5602269006589104e-16,
6103.7,1.536838115139976e-16,
6129.2,1.865255645135012e-16,
6154.8,1.5290418533003311e-16,
6180.4,1.6420876499751806e-16,
6205.9,1.5855647516377559e-16,
6231.5,1.6849670900932267e-16,
6257.1,1.9091096179830138e-16,
6282.6,2.1810042496406256e-16,
6308.2,2.268712195336629e-16,
6333.8,2.193673175130048e-16,
6359.4,2.1507937350120017e-16,
6384.9,2.2355780825181386e-16,
6410.5,2.1488446695520907e-16,
6436.1,2.152742800471913e-16,
6461.6,2.337904019163477e-16,
6487.2,2.092321771214666e-16,
6512.8,2.119608687653423e-16,
6538.4,2.2882028499357407e-16,
6563.9,2.070882051155643e-16,
6589.5,1.9841486381895947e-16,
6615.1,1.940294665341593e-16,
6640.6,1.8935170943037244e-16,
6666.2,1.8282234013966995e-16,
6691.8,1.8827972342742127e-16,
6717.4,1.793140223118298e-16,
6742.9,1.5504815733593546e-16,
6768.5,1.4754425531527733e-16,
6794.1,1.5202710587307307e-16,
6819.6,1.4851878804523294e-16,
6845.2,1.3692184855876133e-16,
6870.8,1.2746888107819204e-16,
6896.3,1.2123187160647624e-16,
6921.9,1.2162168469845847e-16,
6947.5,1.169439275946716e-16,
6973.1,1.1821082014361388e-16,
6998.6,1.2854086708114321e-16,
7024.2,1.375065681967347e-16,
7049.8,1.4890860113721517e-16,
7075.3,1.580692087987978e-16,
7100.9,1.6596292391143812e-16,
7126.5,1.6489093790848695e-16,
7152.1,1.5748448916082444e-16,
7177.6,1.6128516680765126e-16,
7203.2,1.7317446611310953e-16,
7228.8,1.7989874194980315e-16,
7254.3,1.8301724668566105e-16,
7279.9,1.9305493380420372e-16,
7305.5,1.9539381235609714e-16,
7331.1,1.9753778436199945e-16,
7356.6,2.0689329856957318e-16,
7382.2,2.064060322045954e-16,
7407.8,2.018257283738041e-16,
7433.3,2.0016902273287956e-16,
7458.9,2.0211808819279075e-16,
7484.5,1.9783014418098612e-16,
7510.0,1.8428413923460335e-16,
7535.6,1.6732726973337596e-16,
7561.2,1.5309909187602424e-16,
7586.8,1.4432829730642387e-16,
7612.3,1.3204918490898337e-16,
7637.9,1.2240131088242295e-16,
7663.5,1.2415546979634302e-16,
7689.0,1.2522745579929416e-16,
7714.6,1.283459605351521e-16,
7740.2,1.3779892801572135e-16,
7765.8,1.5007804041316188e-16,
7791.3,1.6313677899456689e-16,
7816.9,1.7453881193504737e-16,
7842.5,1.8136054104473655e-16,
7868.0,1.7746241012491414e-16,
7893.6,1.68204349190336e-16,
7919.2,1.5972591443972232e-16,
7944.7,1.4783661513426402e-16,
7970.3,1.415996056625482e-16,
7995.9,1.3945563365664588e-16,
8021.5,1.306848390870455e-16,
8047.0,1.220114977904407e-16,
8072.6,1.1587194159172044e-16,
8098.2,1.0973238539300019e-16,
8123.7,1.0710114702212008e-16,
8149.3,1.0719860029511564e-16,
8174.9,1.007666842774087e-16,
8200.5,9.548471688104937e-17,
8226.0,9.396444582231863e-17,
8251.6,9.421782433210708e-17,
8277.2,9.355514207573728e-17,
8302.7,9.083619575916117e-17,
8328.3,9.703422392167876e-17,
8353.9,9.405215376801464e-17,
8379.5,7.833294083383087e-17,
8405.0,7.85473380344211e-17,
8430.6,9.666390148429564e-17,
8456.2,1.1762610050564053e-16,
8481.7,1.3799383456171248e-16,
8507.3,1.5680231624985552e-16,
8532.9,1.7200502683716282e-16,
8558.4,1.8857208324640796e-16,
8584.0,2.034824340147286e-16,
8609.6,2.2423998116278277e-16,
8635.2,2.610773183551044e-16,
8660.7,2.9021584698077665e-16,
8686.3,3.039567584731506e-16,
8711.9,3.19354375606449e-16,
8737.4,3.27540450538076e-16,
8763.0,3.26663371081116e-16,
8788.6,3.2490921216719594e-16,
8814.2,3.0590582393306177e-16,
8839.7,2.6497544927492673e-16,
8865.3,2.2706612607965403e-16,
8890.9,2.0338498074173303e-16,
8916.4,1.8788991033543904e-16,
8942.0,1.8252998032068326e-16,
8967.6,1.7356427920509178e-16,
8993.2,1.4627736276633506e-16,
9018.7,1.2240131088242295e-16,
9044.3,1.1782100705163165e-16,
9069.9,1.1528722195374708e-16,
9095.4,1.0524953483520445e-16,
9121.0,1.0875785266304459e-16,
9146.6,1.2191404451744516e-16,
9172.1,1.193802594195606e-16,
9197.7,1.1830827341660944e-16,
9223.3,1.2785869417017427e-16,
