wave,flux,flux_err
obswave,flux,
3776.7,2.9031025857617803e-16,
3802.3,4.890209361280389e-16,
3827.9,2.9684142299858923e-16,
3853.4,3.441923650610705e-17,
3879.0,4.8461240014291135e-17,
3904.6,2.117730063966833e-16,
3930.1,7.806374275886992e-17,
3955.7,9.215473000022208e-17,
3981.3,1.7846406784238615e-16,
4006.8,5.00123915646138e-17,
4032.4,-1.6474862255532263e-17,
4058.0,4.473847629351675e-17,
4083.6,1.3620743402938566e-16,
4109.1,2.666347875449374e-16,
4134.7,4.415067149549974e-16,
4160.3,2.929227243451425e-16,
4185.8,2.2287598591478235e-16,
4211.4,1.6491190166588291e-16,
4237.0,1.9920051488354172e-16,
4262.6,1.544293827679129e-16,
4288.1,1.8189292916415202e-16,
4313.7,2.7479874307295143e-16,
4339.3,2.1781433348741366e-16,
4364.8,8.928101765436117e-17,
4390.4,1.8842409358656325e-16,
4416.0,8.230899963343721e-17,
4441.6,1.2476156837911004e-16,
4467.1,1.934857460139319e-16,
4492.7,-2.3936717608137065e-17,
4518.3,3.02556191868199e-16,
4543.8,2.5308262136843414e-16,
4569.4,2.458983405037818e-16,
4595.0,2.0671135396931464e-16,
4620.5,7.806374275886992e-17,
4646.1,1.036332514726098e-16,
4671.7,2.5504197069515753e-16,
4697.3,1.7095322875661327e-16,
4722.8,9.74123173602631e-17,
4748.4,1.738922527466983e-16,
4774.0,1.738922527466983e-16,
4799.5,1.5911549324099296e-16,
4825.1,1.6801420476652824e-17,
4850.7,1.3468893830117504e-16,
4876.3,1.2915377645318158e-16,
4901.8,1.0312708622987292e-16,
4927.4,3.2786445400504243e-16,
4953.0,7.109172473794595e-17,
4978.5,9.881651771108151e-17,
5004.1,1.587889350198724e-16,
5029.7,8.436631642649673e-17,
5055.3,1.5771129289017454e-16,
5080.8,1.3542369429869633e-16,
5106.4,6.175215961389793e-17,
5132.0,1.391954417526388e-16,
5157.5,1.9217951312944968e-16,
5183.1,1.4368561729304648e-16,
5208.7,2.042621673109104e-16,
5234.2,2.0377232997922957e-16,
5259.8,1.5916447697416104e-16,
5285.4,1.1243399553180888e-16,
5311.0,1.6140140078883688e-16,
5336.5,7.830866142471035e-17,
5362.1,1.2487586375650224e-16,
5387.7,1.3335004959458077e-16,
5413.2,1.2074490225932714e-16,
5438.8,6.077248495053626e-17,
5464.4,9.02933481398349e-17,
5490.0,8.421936522699248e-17,
5515.5,1.322724074648829e-16,
5541.1,1.513760634004357e-16,
5566.7,1.2023873701659027e-16,
5592.2,1.5691122524842918e-16,
5617.8,1.2032037657187042e-16,
5643.4,1.0508643555659628e-16,
5668.9,2.369179894229664e-16,
5694.5,1.689938794298899e-16,
5720.1,8.771353819298248e-17,
5745.7,1.1885086457682788e-16,
5771.2,1.2796183894609152e-16,
5796.8,5.340859706426762e-17,
5822.4,1.6768764654540765e-16,
5847.9,2.232025441359029e-16,
5873.5,5.67721467418094e-17,
5899.1,-2.0083330598914455e-16,
5924.7,-1.779742305107053e-16,
5950.2,-8.350093714052725e-17,
5975.8,-1.1421373783691593e-17,
6001.4,-6.328698325316457e-17,
6026.9,1.7536176474174085e-16,
6052.5,3.954620057769984e-16,
6078.1,9.076685756045971e-17,
6103.7,1.3268060524128362e-16,
6129.2,9.223636955550223e-17,
6154.8,5.2135020001897437e-17,
6180.4,1.5104950517931513e-16,
6205.9,1.960982117828964e-16,
6231.5,1.2939869511902198e-16,
6257.1,1.9511853711953475e-16,
6282.6,2.241822187992646e-16,
6308.2,1.8401555760143567e-16,
6333.8,3.427228530660279e-16,
6359.4,2.7398234752015e-16,
6384.9,2.0769102863267628e-16,
6410.5,2.643488799970935e-16,
6436.1,1.2559429184296744e-16,
6461.6,7.497776756928063e-17,
6487.2,1.7519848563118057e-16,
6512.8,2.1242612283892442e-16,
6538.4,1.83035882938074e-16,
6563.9,1.4626542723989892e-16,
6589.5,1.244023543358774e-16,
6615.1,1.2098982092516757e-16,
6640.6,1.8140309183247119e-16,
6666.2,1.1775689453607401e-16,
6691.8,1.6161366363256524e-16,
6717.4,1.2226339798753773e-16,
6742.9,6.251957143353126e-17,
6768.5,-2.7267611463566775e-18,
6794.1,-2.4736785249882436e-17,
6819.6,3.57907810348134e-17,
6845.2,-7.536963743462529e-19,
6870.8,1.805866962796698e-17,
6896.3,1.2154496990107252e-16,
6921.9,1.17169089738057e-16,
6947.5,5.425764843918108e-17,
6973.1,3.054952158582841e-17,
6998.6,8.057824106149824e-17,
7024.2,1.0742132683760829e-16,
7049.8,6.84955868800375e-17,
7075.3,6.67485003970425e-17,
7100.9,8.368054416214356e-17,
7126.5,3.414166201815457e-17,
7152.1,7.497776756928063e-17,
7177.6,7.303474615361329e-17,
7203.2,-5.943359624394196e-17,
7228.8,-1.5622545298407602e-16,
7254.3,1.397832465506558e-16,
7279.9,2.2940715033719355e-16,
7305.5,2.1046677351220107e-16,
7331.1,2.329992907695197e-16,
7356.6,1.4913913958575985e-16,
7382.2,2.1340579750228609e-16,
7407.8,2.0507856286371182e-16,
7433.3,1.429345333844692e-16,
7458.9,1.5436407112368881e-16,
7484.5,1.887506518076838e-16,
7510.0,1.5362931512616755e-16,
7535.6,1.0361692356155376e-16,
7561.2,1.0366590729472184e-16,
7586.8,1.1240133970969681e-16,
7612.3,2.8606500170161075e-17,
7637.9,2.0883398240659823e-17,
7663.5,7.13529713148424e-17,
7689.0,1.7911718428462728e-16,
7714.6,1.482247765666223e-16,
7740.2,1.2467992882382989e-16,
7765.8,1.5883791875304048e-16,
7791.3,1.17169089738057e-16,
7816.9,6.35972135632291e-17,
7842.5,1.2652498277316106e-16,
7868.0,1.2250831665337816e-16,
7893.6,1.1556895445456625e-16,
7919.2,1.615320240772851e-16,
7944.7,1.362890735846658e-16,
7970.3,9.685716838435815e-17,
7995.9,1.2975790916225459e-16,
8021.5,2.1193628550724358e-16,
8047.0,1.8826081447600297e-16,
8072.6,6.485446271454325e-17,
8098.2,7.481448845872035e-17,
8123.7,2.584708320169234e-17,
8149.3,6.065818957314406e-17,
8174.9,6.679748413021059e-17,
8200.5,7.9272008177016e-17,
8226.0,1.4631441097306698e-16,
8251.6,1.4755533221332514e-16,
8277.2,1.887506518076838e-17,
8302.7,-2.1487530949732863e-17,
8328.3,1.954450953406553e-17,
8353.9,1.0694781741698347e-17,
8379.5,3.841957471483391e-17,
8405.0,1.214796582568484e-16,
8430.6,1.3512979189968782e-16,
8456.2,2.125894019494847e-17,
8481.7,-3.314565944373686e-17,
8507.3,8.446428389283291e-17,
8532.9,1.7062667053549272e-16,
8558.4,1.4526942466548121e-16,
8584.0,1.432774195166458e-16,
8609.6,2.1111988995444216e-16,
8635.2,2.7430890574127057e-16,
8660.7,3.15945078934142e-16,
8686.3,3.355385722013756e-16,
8711.9,3.3129331532680836e-16,
8737.4,3.587242059009354e-16,
8763.0,4.194640350293596e-16,
8788.6,3.9774791332484237e-16,
8814.2,3.610101134487793e-16,
8839.7,4.0019709998324657e-16,
8865.3,4.163617319287143e-16,
8890.9,2.774112088419159e-16,
8916.4,2.0164970154194592e-16,
8942.0,1.449102106222486e-16,
8967.6,2.0083330598914455e-16,
8993.2,2.1242612283892442e-16,
9018.7,8.461123509233715e-17,
9044.3,4.7677500283601793e-17,
9069.9,2.808400701636818e-17,
9095.4,-2.7790104617359675e-17,
9121.0,3.534992743630064e-17,
9146.6,2.908000959078589e-17,
9172.1,-1.0472722151336367e-17,
9197.7,-4.207702679138418e-17,
9223.3,-3.59050764122056e-17,
