wave,flux,flux_err
obswave,flux,
3776.7,9.64431634450526e-16,
3802.3,9.159147324549833e-16,
3827.9,9.346886640967368e-16,
3853.4,9.65169935133067e-16,
3879.0,1.0446954657953258e-15,
3904.6,1.0789737117704376e-15,
3930.1,1.1422566274167974e-15,
3955.7,1.0663171286411657e-15,
3981.3,1.3025733470542429e-15,
4006.8,1.2561658755802455e-15,
4032.4,1.2308527093217015e-15,
4058.0,1.1306547595482983e-15,
4083.6,1.1506943495029788e-15,
4109.1,1.1802263768046135e-15,
4134.7,1.153858495285297e-15,
4160.3,1.2097584041062483e-15,
4185.8,1.1981565362377488e-15,
4211.4,1.1665150784145688e-15,
4237.0,1.235071570364792e-15,
4262.6,1.2171414109316568e-15,
4288.1,1.1506943495029788e-15,
4313.7,1.0905755796389369e-15,
4339.3,1.0705359896842562e-15,
4364.8,1.0381562311785353e-15,
4390.4,1.0547152607726662e-15,
4416.0,1.0042998713077328e-15,
4441.6,1.058934121815757e-15,
4467.1,1.1116698848543903e-15,
4492.7,1.1770622310222955e-15,
4518.3,1.2076489735847027e-15,
4543.8,1.2308527093217015e-15,
4569.4,1.2688224587095174e-15,
4595.0,1.2276885635393835e-15,
4620.5,1.2930809097072888e-15,
4646.1,1.3004639165326973e-15,
4671.7,1.2466734382332915e-15,
4697.3,1.2435092924509734e-15,
4722.8,1.1833905225869315e-15,
4748.4,1.1137793153759355e-15,
4774.0,1.036785101339531e-15,
4799.5,1.0599888370765295e-15,
4825.1,1.0350975569222947e-15,
4850.7,9.961785637997832e-16,
4876.3,1.017483812067391e-15,
4901.8,1.0394218894914625e-15,
4927.4,1.035624914552681e-15,
4953.0,1.081083142291983e-15,
4978.5,1.103232162768209e-15,
5004.1,1.1390924816344794e-15,
5029.7,1.1085057390720723e-15,
5055.3,1.040793019330467e-15,
5080.8,1.0525003587250436e-15,
5106.4,1.0260270056796498e-15,
5132.0,1.0631529828588475e-15,
5157.5,1.0673718439019382e-15,
5183.1,1.06420769811962e-15,
5208.7,1.0916302948997094e-15,
5234.2,1.0853020033350735e-15,
5259.8,1.1116698848543903e-15,
5285.4,1.1285453290267527e-15,
5311.0,1.153858495285297e-15,
5336.5,1.1506943495029788e-15,
5362.1,1.0958491559428002e-15,
5387.7,1.0347811423440627e-15,
5413.2,9.698106822804667e-16,
5438.8,9.728693565367072e-16,
5464.4,1.0162181537544639e-15,
5490.0,1.081083142291983e-15,
5515.5,1.0652624133803929e-15,
5541.1,1.0327771833485947e-15,
5566.7,1.0203315432714772e-15,
5592.2,1.0140032517068413e-15,
5617.8,9.748733155321754e-16,
5643.4,9.771936891058752e-16,
5668.9,9.257235843801692e-16,
5694.5,8.959806140263799e-16,
5720.1,8.195137576203616e-16,
5745.7,7.885051289536453e-16,
5771.2,8.292171380194702e-16,
5796.8,9.04312864586484e-16,
5822.4,9.836274521965886e-16,
5847.9,1.0247613473667224e-15,
5873.5,1.0527113017771982e-15,
5899.1,1.0631529828588475e-15,
5924.7,1.0531331878815072e-15,
5950.2,1.0453282949517894e-15,
5975.8,9.993427095821012e-16,
6001.4,9.552556116818038e-16,
6026.9,9.257235843801692e-16,
6052.5,9.123287005683562e-16,
6078.1,8.805817712190991e-16,
6103.7,8.643391562032e-16,
6129.2,8.747808372848493e-16,
6154.8,8.607531243165729e-16,
6180.4,8.392369329968106e-16,
6205.9,8.086501904344031e-16,
6231.5,7.727898715681324e-16,
6257.1,7.458946324184295e-16,
6282.6,7.491642497268247e-16,
6308.2,7.613989467517877e-16,
6333.8,7.975756801962901e-16,
6359.4,8.342797712711789e-16,
6384.9,8.383931607881924e-16,
6410.5,8.511552154435417e-16,
6436.1,8.48940313395919e-16,
6461.6,8.281624227586976e-16,
6487.2,7.815440082325456e-16,
6512.8,7.600278169127833e-16,
6538.4,7.598168738606286e-16,
6563.9,7.874504136928725e-16,
6589.5,8.135018806339575e-16,
6615.1,8.305882678584745e-16,
6640.6,8.503114432349236e-16,
6666.2,8.476746550829919e-16,
6691.8,8.342797712711789e-16,
6717.4,8.17720741677048e-16,
6742.9,7.996851107178356e-16,
6768.5,7.783798624502276e-16,
6794.1,7.355584228628574e-16,
6819.6,6.996981039965867e-16,
6845.2,6.888345368106283e-16,
6870.8,6.79236627937597e-16,
6896.3,6.466459263797216e-16,
6921.9,6.306142544159771e-16,
6947.5,6.521304457357394e-16,
6973.1,6.689004183820249e-16,
6998.6,6.713262634818021e-16,
7024.2,6.76072482155279e-16,
7049.8,6.782873842029016e-16,
7075.3,6.6099005392623e-16,
7100.9,6.418997077062446e-16,
7126.5,6.474896985883398e-16,
7152.1,6.400012202368538e-16,
7177.6,6.275555801597364e-16,
7203.2,6.25024263533882e-16,
7228.8,6.212272885951004e-16,
7254.3,6.113129651438374e-16,
7279.9,6.083597624136738e-16,
7305.5,6.040354298445059e-16,
7331.1,5.906405460326931e-16,
7356.6,5.724994435474032e-16,
7382.2,5.678586964000034e-16,
7407.8,5.634288923047583e-16,
7433.3,5.502449515451e-16,
7458.9,5.456042043977002e-16,
7484.5,5.294670609078785e-16,
7510.0,5.017280495495573e-16,
7535.6,4.787352568647132e-16,
7561.2,4.542658628147873e-16,
7586.8,4.367575894859611e-16,
7612.3,4.2642137993038892e-16,
7637.9,4.1597969884873956e-16,
7663.5,4.133429106968079e-16,
7689.0,4.107061225448762e-16,
7714.6,4.0648726150178554e-16,
7740.2,4.155578127444305e-16,
7765.8,4.2737062366508437e-16,
7791.3,4.3401532980795216e-16,
7816.9,4.453007830982197e-16,
7842.5,4.540549197626328e-16,
7868.0,4.577464231753372e-16,
7893.6,4.627035849009686e-16,
7919.2,4.619652842184278e-16,
7944.7,4.603832113272687e-16,
7970.3,4.625981133748914e-16,
7995.9,4.635473571095868e-16,
8021.5,4.53738505184401e-16,
8047.0,4.480430427762285e-16,
8072.6,4.5648076486241e-16,
8098.2,4.497305871934648e-16,
8123.7,4.382341908510428e-16,
8149.3,4.477266281979968e-16,
8174.9,4.519454892410875e-16,
8200.5,4.404490928986654e-16,
8226.0,4.2737062366508437e-16,
8251.6,4.226244049916073e-16,
8277.2,4.28425338925857e-16,
8302.7,4.23257234148071e-16,
8328.3,4.082802774450991e-16,
8353.9,4.044833025063175e-16,
8379.5,3.940416214246681e-16,
8405.0,3.791701362477735e-16,
8430.6,3.85709370864564e-16,
8456.2,3.9994802688499505e-16,
8481.7,4.0532707471493565e-16,
8507.3,4.0743650523648093e-16,
8532.9,4.0743650523648093e-16,
8558.4,4.077529198147128e-16,
8584.0,4.107061225448762e-16,
8609.6,4.228353480437619e-16,
8635.2,4.3644117490772924e-16,
8660.7,4.3201137081248413e-16,
8686.3,4.2684326603469797e-16,
8711.9,4.2990194029093875e-16,
8737.4,4.1977667378752113e-16,
8763.0,4.04694245558472e-16,
8788.6,4.0743650523648093e-16,
8814.2,3.919321909031227e-16,
8839.7,3.593414893452474e-16,
8865.3,3.5691564424547026e-16,
8890.9,3.649314802273425e-16,
8916.4,3.650369517534198e-16,
8942.0,3.6851751211396956e-16,
8967.6,3.616618629189472e-16,
8993.2,3.4605207705951175e-16,
9018.7,3.3634869666040323e-16,
9044.3,3.337119085084716e-16,
9069.9,3.393018993905667e-16,
9095.4,3.485833936853662e-16,
9121.0,3.6018526155386553e-16,
9146.6,3.7241995857882843e-16,
9172.1,3.766388196219191e-16,
9197.7,3.7537316130899185e-16,
9223.3,3.7315825926136927e-16,
