wave,flux,flux_err
3652.230588506145,1.4784532418854813e-17,
3655.083059506464,2.288393884041626e-16,
3657.937280343759,-3.9609790547389225e-17,
3660.793248198104,-1.0382162522582796e-16,
3663.650960252233,7.503888084938812e-17,
3666.5104136915406,8.390307199659619e-17,
3669.37160570408,1.250635614631202e-16,
3672.234533480568,-6.544484534553481e-17,
3675.099194214377,1.2398758265287006e-16,
3677.9655851015423,5.382674799945704e-17,
3680.83370334076,-1.250183773398866e-16,
3683.703546133383,1.5868179084159098e-16,
3686.575110683425,-5.983051038721549e-17,
3689.448394197563,9.629841066879764e-17,
3692.323393885131,-1.8079326773222498e-17,
3695.200106958123,-1.4962133509772311e-16,
3698.078530631196,-7.341035975418176e-17,
3700.958662121662,1.6898681848084598e-16,
3703.840498649498,6.119911236222007e-17,
3706.724037437338,2.1734342593138334e-16,
3709.609275710479,2.18688742373152e-16,
3712.496210696873,1.236787914454317e-16,
3715.3848396271383,8.472397963191818e-17,
3718.275159734547,-1.957989077104679e-17,
3721.167168255036,3.022486589633134e-17,
3724.0608624272018,-7.180919688427439e-17,
3726.9562394922978,1.0228213485471703e-16,
3729.85329669424,5.714729528983051e-17,
3732.7520312796014,8.238727562476374e-17,
3735.652440497623,4.90010986501459e-17,
3738.554521600194,-1.4426262853039764e-16,
3741.458271841876,1.8500363553787284e-16,
3744.36368847988,6.52117944010501e-17,
3747.270768774084,8.386578650676487e-18,
3750.179509987021,1.1202148888255922e-16,
3753.08990938389,-1.8302359993359384e-17,
3756.001964232545,1.492061388127799e-16,
3758.915671803503,-5.9553925706898054e-18,
3761.831029369938,8.340815997726441e-17,
3764.748034207687,7.676827110035504e-17,
3767.6666835952456,6.474955473076611e-17,
3770.58697481377,8.204708803475963e-17,
3773.5089051470777,3.216506146544544e-17,
3776.4324718816415,2.4377195940888656e-16,
3779.357672306599,8.451442129445813e-17,
3782.284503713749,-4.783002422940901e-17,
3785.212963397544,1.0806012839979932e-16,
3788.1430486551008,7.628369191087696e-17,
3791.074756786197,-3.817098091394105e-17,
3794.008085093268,1.882759305857944e-16,
3796.943030881412,6.948159116896051e-17,
3799.8795914583834,1.1961178445953286e-16,
3802.8177641345983,5.217493944625355e-17,
3805.7575462231343,-7.892044877443236e-18,
3808.698935039729,1.4918797970448066e-16,
3811.6419279027778,6.580344468040077e-17,
3814.586522133337,2.496143006096925e-16,
3817.532715055123,1.1113228265765557e-18,
3820.480503994514,2.010996246873025e-16,
3823.429886280546,1.5866849069887554e-16,
3826.380859244915,6.217580868773242e-17,
3829.33342022198,1.101801452348094e-16,
3832.287566548756,6.02517624538719e-17,
3835.243295564921,1.398466876919902e-16,
3838.200604612811,1.2996426611576895e-16,
3841.1594910374233,5.1533244943656187e-17,
3844.119952186416,1.0025780503321001e-16,
3847.0819854101055,1.713643122810481e-16,
3850.045588061468,1.2460819115139034e-16,
3853.010757496143,1.1990511975511598e-16,
3855.9774910724254,1.3171749369440314e-16,
3858.945786151274,1.2325311712186767e-16,
3861.9156400963066,1.8431072940028698e-17,
3864.887050273799,6.358766797843544e-18,
3867.8600140526896,3.986249087194152e-17,
3870.834528804576,8.71144706534238e-17,
3873.8105919037134,1.3931928450224503e-16,
3876.788200727024,1.5362120994663127e-16,
3879.767352654082,6.042372702116286e-17,
3882.7480450671255,-1.008652524981184e-16,
3885.730275351053,1.2611999216716124e-16,
3888.714040893422,6.104859868790202e-18,
3891.699339084449,1.1592322945673795e-16,
3894.686167317014,7.914805020326815e-17,
3897.6745229866538,1.392534381706742e-16,
3900.664403491567,7.732287199358292e-17,
3903.6558062326094,2.4442652094135324e-16,
3906.6487286133015,2.038073783900267e-17,
3909.643168039821,1.0551080581887534e-16,
3912.639121921005,1.373745472721354e-16,
3915.636587668352,8.369498512109974e-17,
3918.63556269602,2.229227787650676e-16,
3921.636044420829,1.948067486294008e-16,
3924.638030262254,1.5511595164199483e-16,
3927.641517642436,1.508846820659306e-16,
3930.646503986172,7.172175896717315e-17,
3933.652986720922,9.657729780627022e-17,
3936.660963276802,1.2375316222882659e-16,
3939.6704310865935,1.4763582681751352e-16,
3942.681387585733,9.390846340960695e-17,
3945.693830212319,1.9422837336808214e-16,
3948.707756407112,1.127616005330687e-16,
3951.723163613528,1.5919006872650411e-16,
3954.740049277648,1.290771819741295e-16,
3957.7584108482097,2.2180973063143592e-16,
3960.778245776613,1.340259715329566e-16,
3963.799551516914,1.0808121398888274e-16,
3966.8223255258345,2.5248454121007376e-16,
3969.846565262753,2.0689160329064822e-16,
3972.872268189707,2.840006696395052e-16,
3975.899431771397,1.1361467480817768e-16,
3978.9280534751815,1.578953591109712e-16,
3981.95813077108,1.885511165691904e-16,
3984.989661131771,1.717526740492529e-16,
3988.0226420325935,1.6868470775321368e-16,
3991.0570709515487,1.584725622261599e-16,
3994.0929453692943,1.0449481683337114e-16,
3997.130262769149,1.8776631448222566e-16,
4000.169020637094,1.6305598441789228e-16,
4003.209216461768,2.41677821641301e-16,
4006.250847734469,1.861935613011205e-16,
4009.2939119491593,1.999621418222521e-16,
4012.338406602456,9.124206010035221e-17,
4015.384329193641,2.38977104018839e-16,
4018.431677224651,1.755028880028185e-16,
4021.480448200089,1.968963538171265e-16,
4024.5306396272126,2.1364611319756671e-16,
4027.5822490159417,1.952417019178083e-16,
4030.635273878857,1.163095012180519e-16,
4033.6897117311983,2.6575739762657123e-16,
4036.745560090864,1.6399800589328858e-16,
4039.802816478417,2.460000138939958e-16,
4042.861478417075,1.4728351215945014e-16,
4045.921543432718,1.8654150625808824e-16,
4048.983009053887,2.2181106234028922e-16,
4052.045872811783,2.0664218724009944e-16,
4055.110132240264,1.95977906073262e-16,
4058.1757848758502,2.8662375553631663e-16,
4061.2428282577257,2.0277130324427106e-16,
4064.3112599277274,1.9798579149734374e-16,
4067.3810774303543,2.365119165850791e-16,
4070.4522783127713,2.2116068905607806e-16,
4073.524860124795,2.1313601519820964e-16,
4076.598820418908,1.994976048066297e-16,
4079.6741567502495,1.4717097618642652e-16,
4082.750866676623,1.848422150417389e-16,
4085.828947758486,1.7392425383126404e-16,
4088.908397558959,2.0929016400377363e-16,
4091.9892136438248,1.4617524967018594e-16,
4095.071393581523,1.5992164147394967e-16,
4098.154934943154,2.266017939511863e-16,
4101.239835302481,1.9736795665292583e-16,
4104.326092235921,2.142962548109376e-16,
4107.413703322559,2.1294295589549782e-16,
4110.502666144133,1.8089868983571092e-16,
4113.592978285046,1.916349163717566e-16,
4116.684637332358,1.5743429370363972e-16,
4119.777640875791,1.9282119792443766e-16,
4122.871986507724,1.6517753011735315e-16,
4125.967671823201,2.468300082041187e-16,
4129.064694419922,2.230798754222222e-16,
4132.163051898247,2.482118116909316e-16,
4135.262741861201,2.5235704330927087e-16,
4138.363761914461,2.8403996774725557e-16,
4141.466109666371,1.6083627144607862e-16,
4144.569782727933,2.714668735138152e-16,
4147.674778712807,2.4586454846880075e-16,
4150.781095237315,1.901163824571121e-16,
4153.888729920439,2.459609408856484e-16,
4156.997680383819,2.1359583722012055e-16,
4160.107944251759,1.9824965104987576e-16,
4163.21951915122,1.9393543563959083e-16,
4166.332402711823,2.419250085558277e-16,
4169.446592565851,2.3000827768364325e-16,
4172.5620863482445,1.913731276025732e-16,
4175.678881696606,2.0754398803228783e-16,
4178.796976251199,2.1951967496700772e-16,
4181.916367654944,1.7262556686475574e-16,
4185.037053553423,2.1613064812403483e-16,
4188.159031594878,1.716582412479569e-16,
4191.282299430211,2.5709651595427997e-16,
4194.4068547129855,2.1264365868041162e-16,
4197.532695099423,2.0301873846111884e-16,
4200.659818248405,1.7776793650164008e-16,
4203.788221821475,2.0164371587645514e-16,
4206.917903482835,1.894825156704738e-16,
4210.048860899347,1.6221092453216607e-16,
4213.181091740534,2.445595942430812e-16,
4216.314593678579,1.9714282931072075e-16,
4219.449364388322,2.4380257762887563e-16,
4222.585401547268,1.9471481667829463e-16,
4225.722702835579,2.2083378131435692e-16,
4228.861265936078,1.8833346286429016e-16,
4232.001088534247,2.2996004869074263e-16,
4235.14216831823,1.6997452594706302e-16,
4238.284502978828,2.2065150242016483e-16,
4241.428090209505,2.3280324580947233e-16,
4244.572927706385,2.2534557031112725e-16,
4247.719013168247,2.556625916018989e-16,
4250.866344296539,1.5518500836828022e-16,
4254.014918795361,1.8788133917335972e-16,
4257.164734371477,1.445632644451247e-16,
4260.3157887343095,1.856414975786034e-16,
4263.468079595942,1.9835960795803688e-16,
4266.621604671117,2.054004771138328e-16,
4269.77636167724,2.415607170638725e-16,
4272.932348334372,1.9892662712611568e-16,
4276.089562365238,2.2656916045558434e-16,
4279.24800149522,1.898140600038282e-16,
4282.407663452361,1.700841470617989e-16,
4285.568545967366,1.9314887718934315e-16,
4288.730646773599,2.0162236715188067e-16,
4291.893963607081,1.7131663917002372e-16,
4295.058494206498,2.031884431925103e-16,
4298.224236313192,1.8733816650023722e-16,
4301.391187671168,1.5882389915706063e-16,
4304.559346027089,1.791054754139544e-16,
4307.72870913028,1.935918400322796e-16,
4310.899274732722,1.353832836975785e-16,
4314.071040589062,2.1522793910426582e-16,
4317.244004456602,2.0988190166295591e-16,
4320.418164095308,2.126545769690867e-16,
4323.593517267801,1.9802499801735882e-16,
4326.770061739367,1.836939735325857e-16,
4329.94779527795,1.8843286277899039e-16,
4333.1267156541535,2.0174344457357372e-16,
4336.306820641242,1.5940080561938466e-16,
4339.48810801514,1.457243042333633e-16,
4342.670575554432,7.03725565816195e-17,
4345.854221040361,1.9437519390726664e-16,
4349.0390422568325,1.69688065291733e-16,
4352.225036990411,1.6794488404174912e-16,
4355.41220303032,1.0746043479530584e-16,
4358.600538168445,1.4320983277513575e-16,
4361.79004019933,1.4232438249567286e-16,
4364.98070692018,1.3242401252637015e-16,
4368.172536130859,1.8637709322015222e-16,
4371.365525633892,1.912776814167677e-16,
4374.559673234464,1.5876886185109766e-16,
4377.75497674042,1.8527494276449702e-16,
4380.951433962263,9.919419542035076e-17,
4384.149042713159,2.038695371699525e-16,
4387.347800808934,2.1400413436100196e-16,
4390.547706068072,1.7458467640301527e-16,
4393.748756311717,1.219864763592351e-16,
4396.950949363676,2.0877053709776327e-16,
4400.154283050412,1.9012472160816675e-16,
4403.358755201052,2.1961976226358775e-16,
4406.564363647381,1.6461548708899247e-16,
4409.771106223842,2.4846520017148653e-16,
4412.978980767542,1.8704538990753063e-16,
4416.187985118247,1.9993097850221963e-16,
4419.3981171183805,1.6232887751323316e-16,
4422.60937461303,2.355828508893969e-16,
4425.821755449938,1.619114476600223e-16,
4429.035257479513,2.0496495261025643e-16,
4432.249878554819,1.5843522727790754e-16,
4435.465616531581,2.330482366065697e-16,
4438.682469268186,1.6709482807988562e-16,
4441.900434625679,1.8835644587493615e-16,
4445.119510467765,1.6963892551767952e-16,
4448.339694660811,2.1370085740168096e-16,
4451.560985073842,1.4935828058315464e-16,
4454.783379578545,1.8158276101680022e-16,
4458.006876049262,1.212106270558889e-16,
4461.231472363004,2.276256388146975e-16,
4464.457166399435,1.8601424914330811e-16,
4467.683956040881,1.939819664714256e-16,
4470.911839172327,2.0126701771715843e-16,
4474.14081368142,1.989964601700436e-16,
4477.370877458466,1.502752390388918e-16,
4480.602028396432,1.7437316620252663e-16,
4483.834264390942,2.190417224931748e-16,
4487.067583340285,1.8857465983589196e-16,
4490.301983145406,1.9989602151735034e-16,
4493.537461709911,1.900880297364424e-16,
4496.774016940066,2.0729481166854315e-16,
4500.0116467448,2.40156516975681e-16,
4503.250349035696,2.0214105788244174e-16,
4506.490121727003,1.850993800358095e-16,
4509.730962735626,2.3506254115757085e-16,
4512.972869981133,2.1126553218184364e-16,
4516.215841385751,1.9410983800677923e-16,
4519.459874874365,2.260545928055479e-16,
4522.704968374523,1.675941125998654e-16,
4525.951119816431,2.0918846880607843e-16,
4529.198327132956,1.8585690643714519e-16,
4532.446588259626,2.1969689427449512e-16,
4535.695901134626,2.0931096633442384e-16,
4538.946263698805,2.3005803035572923e-16,
4542.197673895668,1.8105700077838335e-16,
4545.450129671384,2.357268637237404e-16,
4548.703628974779,2.1095821385107503e-16,
4551.95816975734,2.195008565436916e-16,
4555.213749973216,2.3948618760637293e-16,
4558.470367579212,2.481246064180073e-16,
4561.728020534796,2.532927668679716e-16,
4564.986706802096,1.829736455868899e-16,
4568.246424345898,2.302948986715249e-16,
4571.5071711336495,2.324079416175459e-16,
4574.76894513546,2.3143400759978653e-16,
4578.031744324096,2.150247549499932e-16,
4581.295566674984,2.354812227224088e-16,
4584.560410166212,2.418009834477763e-16,
4587.8262727785295,2.5109198079513905e-16,
4591.093152495341,2.381699639734469e-16,
4594.361047302717,2.383909694543555e-16,
4597.629955189384,2.2825617091378333e-16,
4600.89987414673,2.5907433842509767e-16,
4604.170802168804,2.3747705240304067e-16,
4607.442737252311,2.421942086606986e-16,
4610.715677396622,2.5655233240248217e-16,
4613.989620603763,2.5101486206220554e-16,
4617.264564878423,2.823260473467089e-16,
4620.540508227949,2.7469443953641043e-16,
4623.817448662352,2.5132879327610434e-16,
4627.0953841942965,3.0470120619150846e-16,
4630.374312839113,2.1067948465257022e-16,
4633.65423261479,3.0041788762107713e-16,
4636.935141541974,2.9230939939914207e-16,
4640.217037643974,2.708108113850426e-16,
4643.49991894676,2.6138499549327434e-16,
4646.783783478959,2.731936765285478e-16,
4650.068629271858,2.74701574088764e-16,
4653.354454359409,2.6026846249616117e-16,
4656.641256778218,2.6803868610330663e-16,
4659.9290345675545,2.5720642542439434e-16,
4663.217785769348,2.8331565254742797e-16,
4666.507508428184,2.631105443304241e-16,
4669.798200591315,2.706709928849284e-16,
4673.089860308649,2.456129521359832e-16,
4676.382485632753,2.813362553332031e-16,
4679.6760746188575,2.77852392944503e-16,
4682.9706253248505,2.716134081956253e-16,
4686.266135811282,2.4998673659221332e-16,
4689.56260414136,2.422573871514416e-16,
4692.860028380954,2.7405790145499285e-16,
4696.1584065985935,2.893922989766037e-16,
4699.457736865466,2.599786172326528e-16,
4702.758017255424,2.9851088347673856e-16,
4706.059245844974,3.056641000662923e-16,
4709.361420713285,2.5145321054372005e-16,
4712.664539942189,2.4893869736074583e-16,
4715.968601616171,2.5157342924612753e-16,
4719.273603822386,2.908695983817715e-16,
4722.579544650639,2.9363117106519813e-16,
4725.886422193401,2.5407538599982343e-16,
4729.194234545802,2.695379551377928e-16,
4732.502979805631,2.6900283001833798e-16,
4735.812656073339,2.3866786601772004e-16,
4739.123261452033,2.799971644601722e-16,
4742.434794047485,2.240008740820821e-16,
4745.747251968124,2.3926472604380853e-16,
4749.06063332504,2.309968132851812e-16,
4752.374936231982,2.433012047022526e-16,
4755.6901588053615,2.4682592049423674e-16,
4759.006299164247,2.2670073882314997e-16,
4762.323355430369,2.4495302300365137e-16,
4765.641325728118,2.3036907665825283e-16,
4768.960208184543,2.672421709236025e-16,
4772.280000929355,2.6525038788838423e-16,
4775.600702094925,2.0158281037793096e-16,
4778.922309816281,2.4743635598692184e-16,
4782.244822231115,2.595307983114779e-16,
4785.568237479776,2.632053002168578e-16,
4788.892553705276,2.5980177449297723e-16,
4792.217769053284,2.395185019686162e-16,
4795.543881672132,2.531850114814561e-16,
4798.870889712808,2.26742703152055e-16,
4802.198791328964,2.2654341153353515e-16,
4805.527584676911,1.9299056220214363e-16,
4808.85726791562,2.804296531784829e-16,
4812.187839206719,2.4724310896896667e-16,
4815.519296714501,2.2479354537544573e-16,
4818.851638605916,2.745404612917572e-16,
4822.184863050576,2.388378213821625e-16,
4825.51896822075,2.5007520709477757e-16,
4828.85395229137,2.307188742167969e-16,
4832.189813440027,2.474138543982897e-16,
4835.526549846972,2.374013440190506e-16,
4838.864159695115,2.1695604632565556e-16,
4842.202641170027,2.269803531835729e-16,
4845.541992459941,2.5122111603343433e-16,
4848.8822117557465,2.4834619240781083e-16,
4852.223297250995,2.2335872029458046e-16,
4855.565247141898,2.5973396822724767e-16,
4858.908059627326,2.379850238108091e-16,
4862.251732908811,2.6529399145210926e-16,
4865.596265190546,2.6314669650608703e-16,
4868.941654679379,2.6004208457121673e-16,
4872.287899584824,2.3099227448469527e-16,
4875.634998119052,2.678981182542703e-16,
4878.982948496893,2.476004299572667e-16,
4882.331748935841,2.3939393120928843e-16,
4885.681397656045,3.105291451528979e-16,
4889.03189288032,2.933674414475878e-16,
4892.383232834135,2.324163252927948e-16,
4895.735415745623,2.8137112110400647e-16,
4899.088439845576,2.2846858468306853e-16,
4902.442303367443,2.066882627123461e-16,
4905.79700454734,2.2185842369788448e-16,
4909.152541624037,2.1381479260330902e-16,
4912.508912838966,2.1327146363930087e-16,
4915.866116436219,2.661643276353868e-16,
4919.224150662549,2.436890391617855e-16,
4922.583013767367,2.672175014000407e-16,
4925.942704002745,2.3038120955163413e-16,
4929.303219623415,2.661556604760017e-16,
4932.664558886772,2.795452009273644e-16,
4936.026720052866,2.6236362630242585e-16,
4939.389701384409,2.102035734166596e-16,
4942.7535011467735,2.6155155869149684e-16,
4946.118117607993,2.7591106278583807e-16,
4949.48354903876,2.8747874438999523e-16,
4952.849793712426,2.691409888745473e-16,
4956.216849905003,2.644518351635517e-16,
4959.584715895167,2.547808128694934e-16,
4962.953389964246,2.619441426824537e-16,
4966.322870396236,2.9346934172532373e-16,
4969.693155477788,3.1155817265111924e-16,
4973.064243498217,3.250849807153827e-16,
4976.4361327494935,3.5108882012220133e-16,
4979.8088215262505,3.240311054761282e-16,
4983.182308125784,2.942028211042696e-16,
4986.556590848042,2.8996300093379766e-16,
4989.931667995641,3.45205849783583e-16,
4993.307537873854,3.4453622287248943e-16,
4996.684198790612,3.5649849562556754e-16,
5000.06164905651,3.433690774303115e-16,
5003.4398869848,4.161252212845031e-16,
5006.8189108913975,3.2168115691607936e-16,
5010.198719094873,3.75249898424876e-16,
5013.579309916461,3.7059080960894254e-16,
5016.960681680054,3.246992923677562e-16,
5020.342832712207,3.766132689083978e-16,
5023.7257613421325,3.930182728985127e-16,
5027.109465901704,4.0469164127734964e-16,
5030.493944725456,3.862014110951884e-16,
5033.87919615058,3.876195087437606e-16,
5037.265218516932,3.6151171447232376e-16,
5040.652010167024,3.624680116860984e-16,
5044.039569446031,3.785952112328944e-16,
5047.427894701786,3.850410759112404e-16,
5050.816984284781,3.756873217225681e-16,
5054.206836548174,3.4759483481917623e-16,
5057.597449847775,3.1226237207611983e-16,
5060.988822542061,3.396612817613656e-16,
5064.380952992164,2.976137531979745e-16,
5067.773839561877,3.0800966375083867e-16,
5071.167480617658,3.4611841097980827e-16,
5074.561874528617,3.491561051154305e-16,
5077.957019666531,3.7286519900536183e-16,
5081.352914405833,3.5881698197864797e-16,
5084.749557123617,3.352348487284913e-16,
5088.146946199638,3.2154255099704833e-16,
5091.545080016309,3.274604370897081e-16,
5094.943956958707,3.0600142246971034e-16,
5098.343575414563,2.963438963276845e-16,
5101.743933774274,2.778973965282316e-16,
5105.145030430895,3.0856242282398467e-16,
5108.546863780138,3.3751831077497983e-16,
5111.949432220379,3.147637512012454e-16,
5115.352734152653,3.203352255766748e-16,
5118.756767980654,2.6367936834225224e-16,
5122.161532110738,2.939859679860072e-16,
5125.567024951918,3.511002172144811e-16,
5128.97324491587,2.922404940527806e-16,
5132.380190416928,2.9218519194481853e-16,
5135.787859872088,3.182683383198132e-16,
5139.196251701004,2.8214106836992957e-16,
5142.605364325991,3.421026252446181e-16,
5146.015196172026,2.882405423481457e-16,
5149.425745666741,3.1298607711426526e-16,
5152.837011240434,3.000323315869341e-16,
5156.248991326058,3.141824928301908e-16,
5159.661684359229,2.598562273967558e-16,
5163.075088778222,3.104471425591064e-16,
5166.489203023974,3.0049747735046743e-16,
5169.904025540078,3.5772752567185474e-16,
5173.319554772791,2.8712090455763536e-16,
5176.735789171027,3.212816221984761e-16,
5180.152727186363,3.5737992544475994e-16,
5183.570367273035,3.2970997321825933e-16,
5186.988707887936,3.154450271548493e-16,
5190.407747490624,3.5321898187103783e-16,
5193.8274845433125,3.071305637494465e-16,
5197.247917510879,3.231847649283306e-16,
5200.66904486086,3.3028357877725787e-16,
5204.090865063449,2.807972806355264e-16,
5207.513376591503,2.574972922474504e-16,
5210.936577920538,2.8314393548144263e-16,
5214.36046752873,3.0898563654786743e-16,
5217.785043896914,2.7542705730677233e-16,
5221.210305508587,2.856409064162896e-16,
5224.636250849905,2.872010486977132e-16,
5228.062878409683,3.0546997210190304e-16,
5231.4901866794,3.034353773723393e-16,
5234.918174153188,2.85647232041573e-16,
5238.346839327848,2.9606244007287835e-16,
5241.776180702832,2.8376136776888807e-16,
5245.206196780259,2.6414772833063053e-16,
5248.6368860649045,2.9042990942776176e-16,
5252.068247064204,2.861361812134256e-16,
5255.500278288257,2.934046082996531e-16,
5258.932978249815,2.9031672384809323e-16,
5262.3663454643,3.179381896622753e-16,
5265.800378449785,2.8911942152874993e-16,
5269.235075727008,2.843405086679644e-16,
5272.670435819365,3.074610932662807e-16,
5276.106457252914,3.110253760646161e-16,
5279.54313855637,2.824795027410572e-16,
5282.980478261111,2.9410393585198754e-16,
5286.418474901174,3.106350883056333e-16,
5289.857127013255,3.0016452002966472e-16,
5293.296433136712,3.299959408542403e-16,
5296.736391813562,3.147680477695423e-16,
5300.17700158848,2.8476701704642197e-16,
5303.618261008806,2.893806494526488e-16,
5307.060168624535,3.0747585326275176e-16,
5310.502722988325,2.680305400336625e-16,
5313.945922655494,2.746814118343578e-16,
5317.3897661840165,3.141098854686801e-16,
5320.834252134534,2.8706542194438923e-16,
5324.27937907034,2.665048278099038e-16,
5327.725145557394,2.8948746079059074e-16,
5331.171550164313,2.7810172028336166e-16,
5334.618591462375,2.8404354143392167e-16,
5338.066268025516,3.041443852150516e-16,
5341.514578430335,3.005328197394389e-16,
5344.963521256089,3.2547807863024713e-16,
5348.413095084696,3.29565722975943e-16,
5351.8632985007325,3.199515942601742e-16,
5355.314130091439,3.0179198924163844e-16,
5358.76558844671,3.0285901025532167e-16,
5362.217672159106,2.9412958614565316e-16,
5365.670379823843,3.4318480619329033e-16,
5369.123710038801,3.3454394287743724e-16,
5372.577661404515,3.105533954144946e-16,
5376.032232524186,3.512038783411013e-16,
5379.48742200367,3.6066609251555936e-16,
5382.943228451487,3.7101370085942255e-16,
5386.399650478813,3.570524667886933e-16,
5389.856686699487,3.7332186143012246e-16,
5393.314335730009,3.674186683516201e-16,
5396.772596189534,3.4810499881115877e-16,
5400.231466699884,3.5672110621365447e-16,
5403.690945885533,3.834331455672751e-16,
5407.151032373624,3.5680946630826484e-16,
5410.611724793953,3.703697074428873e-16,
5414.073021778978,3.748863366823024e-16,
5417.534921963819,3.8432847825755763e-16,
5420.997423986254,3.7413909438250613e-16,
5424.460526486721,3.714496940879707e-16,
5427.924228108321,3.7032240304123967e-16,
5431.38852749681,3.88374776368648e-16,
5434.853423300608,3.4356475857520074e-16,
5438.318914170793,3.9025844293867597e-16,
5441.784998761105,3.7046050505232334e-16,
5445.251675727943,4.0770397049103004e-16,
5448.718943730364,3.1583808047769006e-16,
5452.18680143009,3.4558294631688263e-16,
5455.655247491497,3.462247607007522e-16,
5459.124280581626,3.171519323292547e-16,
5462.593899370177,3.6684246091816597e-16,
5466.064102529506,3.3765682420670193e-16,
5469.5348887346345,3.445538309496123e-16,
5473.006256663241,3.51400103301986e-16,
5476.478204995666,3.3762740602730003e-16,
5479.950732414907,3.4140478080421753e-16,
5483.423837606625,3.567453191348477e-16,
5486.897519259139,3.4999917355928387e-16,
5490.371776063427,3.924448912278639e-16,
5493.846606713131,3.6619037435200044e-16,
5497.322009904549,3.8170671630886593e-16,
5500.797984336641,3.969985206278994e-16,
5504.2745287110265,3.9894476201518863e-16,
5507.751641731986,3.987089975532727e-16,
5511.229322106457,3.941625291686738e-16,
5514.707568544042,4.392774285257124e-16,
5518.186379757,4.443502865733889e-16,
5521.665754460249,4.375589299273151e-16,
5525.145691371372,4.292842297440363e-16,
5528.626189210608,4.555763372962655e-16,
5532.107246700854,4.640757383218201e-16,
5535.588862567675,4.373716455919114e-16,
5539.071035539288,4.1979613008845117e-16,
5542.553764346574,4.318712682760552e-16,
5546.037047723073,4.538303943913614e-16,
5549.520884404984,4.329315378917638e-16,
5553.00527313117,4.2928414256914873e-16,
5556.490212643149,4.123430515226613e-16,
5559.975701685103,4.600797132042373e-16,
5563.461739003871,4.427517172512317e-16,
5566.948323348955,4.558558809911419e-16,
5570.4354534725135,4.830855960825197e-16,
5573.923128129368,4.157413220478074e-16,
5577.411346077,4.057963968431394e-16,
5580.900106075549,3.891946698314649e-16,
5584.389406887817,4.0905047817964713e-16,
5587.879247279262,4.475559505808969e-16,
5591.369626018008,4.0897989897491086e-16,
5594.860541874834,3.7316795633975243e-16,
5598.351993623181,3.512493570315566e-16,
5601.84398003915,3.962984867680524e-16,
5605.336499901503,3.7459952340831013e-16,
5608.829551991659,4.112645545568663e-16,
5612.3231350937,3.801034626926678e-16,
5615.817247994368,3.574858872995269e-16,
5619.311889483063,4.224015916603337e-16,
5622.807058351847,3.6763280157670093e-16,
5626.30275339544,4.085617496252847e-16,
5629.798973411223,3.7992321378946295e-16,
5633.29571719924,4.02880663639358e-16,
5636.792983562191,3.7515762839321246e-16,
5640.290771305436,4.087924237627714e-16,
5643.789079236996,3.7898587604046925e-16,
5647.287906167556,4.3056617669599253e-16,
5650.787250910455,3.938381503035357e-16,
5654.287112281694,4.313809637673219e-16,
5657.787489099936,4.288928481433517e-16,
5661.288380186503,4.0478734299142125e-16,
5664.789784365375,4.0955931057950375e-16,
5668.2917004631945,4.2038220695427213e-16,
5671.794127309264,4.20720658969693e-16,
5675.297063735545,4.085516714510119e-16,
5678.800508576659,4.139272419306111e-16,
5682.304460669888,3.9274214826908437e-16,
5685.808918855175,3.8147174270109854e-16,
5689.31388197512,4.080757357672822e-16,
5692.819348874986,3.740316966401263e-16,
5696.325318402696,3.757067900133343e-16,
5699.83178940883,3.867408034375551e-16,
5703.338760746634,3.516520331503525e-16,
5706.846231272006,4.159369483902855e-16,
5710.35419984351,3.806838680758641e-16,
5713.862665322369,3.4063077479119555e-16,
5717.371626572465,3.618944744896659e-16,
5720.88108246034,3.3726610107147473e-16,
5724.391031855197,3.2579766035037974e-16,
5727.901473628897,3.1512996141182714e-16,
5731.412406655965,3.0983376426889373e-16,
5734.923829813581,3.168707793674862e-16,
5738.43574198159,2.773446075924756e-16,
5741.948142042493,3.265830909562249e-16,
5745.461028881453,3.0005484277376656e-16,
5748.974401386294,2.892572693565075e-16,
5752.488258447496,3.108833102726665e-16,
5756.002598958206,3.2227257362031643e-16,
5759.517421814224,2.8954894801629643e-16,
5763.032725914012,3.3102833915101555e-16,
5766.548510158696,3.048077810725605e-16,
5770.064773452057,2.834380454212414e-16,
5773.58151470054,2.9162902848832665e-16,
5777.098732813245,3.0038749768728657e-16,
5780.616426701938,2.931329307181499e-16,
5784.134595281041,3.330155597877288e-16,
5787.653237467637,3.038976106722048e-16,
5791.172352181469,3.3252848626314383e-16,
5794.691938344942,3.2355019199771344e-16,
5798.211994883119,3.7232847851800533e-16,
5801.732520723723,3.5532074256213634e-16,
5805.253514797136,3.6569332129879073e-16,
5808.774976036403,3.6063441722534397e-16,
5812.296903377228,3.7755479781719443e-16,
5815.819295757974,4.231943299104381e-16,
5819.342152119664,4.1471399411549554e-16,
5822.865471405983,4.094826000333475e-16,
5826.389252563274,4.276073148451055e-16,
5829.91349454054,4.37325096152192e-16,
5833.438196289448,4.395480499407932e-16,
5836.963356764318,4.470259475118143e-16,
5840.488974922135,4.416249365794883e-16,
5844.015049722544,4.74010542628515e-16,
5847.541580127849,4.872632271520877e-16,
5851.068565103013,5.008428770391804e-16,
5854.59600361566,4.983895306841125e-16,
5858.123894636075,4.675850358536591e-16,
5861.652237137203,4.809607845664731e-16,
5865.181030094646,4.729915781904756e-16,
5868.71027248667,5.00262833026384e-16,
5872.2399632942,4.508628352587188e-16,
5875.770101500817,4.716232956958145e-16,
5879.300686092768,4.945534568087526e-16,
5882.831716058958,5.22517167154836e-16,
5886.363190390949,4.444957493412715e-16,
5889.895108082968,4.478131179387482e-16,
5893.427468131898,4.187878377792275e-16,
5896.960269537285,4.805099507888563e-16,
5900.493511301333,4.688541450686058e-16,
5904.027192428905,4.887311338865604e-16,
5907.5613119275295,4.829747808597679e-16,
5911.095868807388,5.010615557961912e-16,
5914.630862081326,4.862940832246015e-16,
5918.16629076485,5.138388736283783e-16,
5921.702153876123,4.718294838823201e-16,
5925.238450435971,5.125291471842858e-16,
5928.775179467879,4.988800266402134e-16,
5932.312339997992,4.925402088234135e-16,
5935.849931055115,5.285962693740524e-16,
5939.387951670713,5.28982666018041e-16,
5942.926400878912,5.139056361632087e-16,
5946.4652777164965,5.296136090479129e-16,
5950.004581222911,5.37612755860382e-16,
5953.544310440263,5.339700260647012e-16,
5957.084464413316,5.404109608935968e-16,
5960.6250421894965,5.31410133219023e-16,
5964.166042818889,5.031600657518927e-16,
5967.70746535424,5.406999736884034e-16,
5971.249308850955,5.087461483003507e-16,
5974.791572367098,4.959350076629571e-16,
5978.334254963396,5.028177992721306e-16,
5981.877355703236,5.327215749222777e-16,
5985.420873652662,5.040289703161686e-16,
5988.964807880378,4.810319643968337e-16,
5992.509157457755,5.455065111754321e-16,
5996.053921458813,5.348153438613836e-16,
5999.599098960242,5.463476463906442e-16,
6003.144689041387,5.295793135043442e-16,
6006.690690784253,5.460276431524215e-16,
6010.237103273507,5.571669978057116e-16,
6013.783925596476,5.058516522524119e-16,
6017.331156843143,4.630967353547148e-16,
6020.878796106156,4.762271869681338e-16,
6024.426842480822,4.450402049963228e-16,
6027.975295065107,5.014823932854087e-16,
6031.524152959637,4.963562100026704e-16,
6035.073415267698,4.947217825464916e-16,
6038.623081095237,4.720328591829304e-16,
6042.173149550859,4.738755468565439e-16,
6045.723619745832,4.662745042820943e-16,
6049.274490794081,4.655233968532138e-16,
6052.825761812196,4.753470440266332e-16,
6056.377431919421,4.791744092974571e-16,
6059.929500237662,4.419181285215448e-16,
6063.481965891488,4.716463748132618e-16,
6067.0348280081225,4.417450920824976e-16,
6070.588085717455,3.981986254484245e-16,
6074.141738152032,4.317756428672104e-16,
6077.69578444706,4.22950403169977e-16,
6081.250223740406,4.546565634678425e-16,
6084.805055172596,4.2205067274231485e-16,
6088.360277886819,3.767076514364932e-16,
6091.915891028921,4.323275725343104e-16,
6095.471893747409,3.839667927509087e-16,
6099.02828519345,4.0826406414849364e-16,
6102.585064520872,3.8554593953982984e-16,
6106.142230886161,4.187385877214314e-16,
6109.699783448465,4.406459806198261e-16,
6113.257721369591,4.357570290621585e-16,
6116.816043814008,4.555337694809059e-16,
6120.374749948842,4.1305955031595643e-16,
6123.933838943879,4.002427971603729e-16,
6127.493309971569,4.294231184823248e-16,
6131.053162207019,3.977612430954261e-16,
6134.613394827996,3.7002189161740023e-16,
6138.174007014928,3.670549085771594e-16,
6141.734997950902,3.827308273849285e-16,
6145.296366821667,3.767405222105069e-16,
6148.858112815629,3.6171245166876703e-16,
6152.420235123858,3.9992936310960833e-16,
6155.982732940081,4.106437945692538e-16,
6159.545605460686,4.2332861446658953e-16,
6163.108851884719,3.801778205414455e-16,
6166.672471413891,3.759714296197711e-16,
6170.236463252568,3.674118054765917e-16,
6173.800826607778,3.8416990063637647e-16,
6177.365560689212,3.295706895895946e-16,
6180.930664709214,3.9857883776193774e-16,
6184.496137882796,3.4793786999699876e-16,
6188.061979427623,3.6113080369671917e-16,
6191.628188564026,3.8468078973992753e-16,
6195.194764514991,3.994887605394499e-16,
6198.761706506169,3.9768492709465446e-16,
6202.329013765866,3.962977767479616e-16,
6205.896685525052,4.1028690948712176e-16,
6209.464721017354,3.7359281165835253e-16,
6213.033119479063,3.528312523333805e-16,
6216.601880149126,3.8231560405767416e-16,
6220.171002269151,4.1765181056729873e-16,
6223.740485083409,4.294066810778956e-16,
6227.310327838827,4.343181346477428e-16,
6230.880529784994,4.518103898693085e-16,
6234.451090174159,4.294531289010813e-16,
6238.02200826123,4.254253729089285e-16,
6241.593283303779,3.955031969572938e-16,
6245.16491456203,4.113390473148394e-16,
6248.736901298877,4.185083560369331e-16,
6252.309242779866,4.246203916561225e-16,
6255.881938273207,4.403028479721042e-16,
6259.4549870497685,4.1581766474462334e-16,
6263.028388383082,4.280908896215881e-16,
6266.602141549334,4.0633246553398176e-16,
6270.176245827375,4.241007241319193e-16,
6273.750700498714,4.252470127513623e-16,
6277.32550484752,3.7740955709574476e-16,
6280.9006581606245,3.705015973990509e-16,
6284.476159727514,4.113810094834175e-16,
6288.05200884034,3.55664970631232e-16,
6291.628204793911,4.039847147783296e-16,
6295.204746885698,4.300228247686418e-16,
6298.781634415829,3.8223356605019036e-16,
6302.358866687095,3.268216624377537e-16,
6305.9364430049445,4.285274250432241e-16,
6309.514362677488,3.957560350607311e-16,
6313.092625015495,4.045030728932392e-16,
6316.671229332396,4.428426283079655e-16,
6320.25017494428,3.709924398138345e-16,
6323.829461169898,3.776102129189569e-16,
6327.40908733066,3.719477772914776e-16,
6330.989052750634,3.7542134186679294e-16,
6334.569356756552,3.509331294450534e-16,
6338.149998677804,4.027735290759762e-16,
6341.730977846439,3.849928051711282e-16,
6345.31229359717,3.841955681642425e-16,
6348.893945267362,3.798896311338354e-16,
6352.475932197051,3.756210027410925e-16,
6356.058253728925,3.7657281491309293e-16,
6359.640909208334,3.4847040627133647e-16,
6363.223897983288,3.584978620567409e-16,
6366.80721940446,3.743079147864258e-16,
6370.390872825176,3.6930134717524856e-16,
6373.974857601432,3.331628702474102e-16,
6377.559173091875,3.2415044677979067e-16,
6381.143818657816,3.333539580762934e-16,
6384.728793663227,3.3566936333588555e-16,
6388.314097474738,3.3467191196611163e-16,
6391.89972946164,3.199255321173556e-16,
6395.485688995884,3.34932296496201e-16,
6399.07197545208,3.5458718170310467e-16,
6402.6585882075,3.281818539287035e-16,
6406.245526642073,3.789479463202012e-16,
6409.832790138393,3.519852682052913e-16,
6413.42037808171,3.69778288216702e-16,
6417.008289859932,3.744002888377826e-16,
6420.596524863635,3.802190388545758e-16,
6424.1850824860485,3.424232128870479e-16,
6427.773962123061,3.73658803624416e-16,
6431.363163173228,3.3588213399950384e-16,
6434.952685037758,3.73944820257548e-16,
6438.542527120523,3.8008621124608633e-16,
6442.132688828055,3.7417922829353317e-16,
6445.723169569545,3.375417431053896e-16,
6449.313968756844,3.7245304747859757e-16,
6452.905085804465,3.555867559859981e-16,
6456.496520129578,3.5107145087166393e-16,
6460.088271152015,3.8513556774163006e-16,
6463.680338294269,3.529290032698169e-16,
6467.272720981491,3.8015965124528677e-16,
6470.865418641492,3.6509487770327096e-16,
6474.458430704743,3.795872394861772e-16,
6478.051756604378,4.1550675148971695e-16,
6481.645395776189,3.894632604297411e-16,
6485.239347658626,4.014985717282923e-16,
6488.833611692802,3.7895361531858376e-16,
6492.42818732249,3.910094842028079e-16,
6496.02307399412,3.8042865525885055e-16,
6499.618271156785,3.65071124340161e-16,
6503.213778262239,4.05970843510125e-16,
6506.809594764891,3.7393533928538064e-16,
6510.405720121815,3.9258156012950165e-16,
6514.002153792744,3.683636959696264e-16,
6517.598895240069,3.6419970757235613e-16,
6521.195943928843,3.5008512432513923e-16,
6524.793299326779,3.4515200667736326e-16,
6528.390960904248,3.540760316222924e-16,
6531.988928134282,3.5834189656338453e-16,
6535.587200492577,3.418122727446738e-16,
6539.185777457482,3.217122595302637e-16,
6542.784658510012,3.254941402595866e-16,
6546.383843133839,3.5516262050324086e-16,
6549.983330815296,3.1441465156348456e-16,
6553.5831210433735,3.338546309463968e-16,
6557.183213309728,3.173361684623736e-16,
6560.7836071086695,3.603130576351565e-16,
6564.3843019371725,3.343518657958681e-16,
6567.985297294869,3.6040042576274574e-16,
6571.586592684052,3.673899146104885e-16,
6575.188187609677,3.3262186757113097e-16,
6578.790081579353,3.851898195084305e-16,
6582.392274103357,3.5242410082764847e-16,
6585.994764694619,3.8475804037354233e-16,
6589.597552868734,3.6470812632444397e-16,
6593.200638143955,3.981561292090428e-16,
6596.804020041196,3.808498356267208e-16,
6600.407698084029,4.1240028155782955e-16,
6604.011671798688,4.24646687218195e-16,
6607.615940714068,4.150750318094988e-16,
6611.220504361718,3.882512300453686e-16,
6614.825362275857,4.0488170516640683e-16,
6618.430513993355,3.9823414999023623e-16,
6622.035959053746,4.2772541341284774e-16,
6625.641696999226,4.1551692347062654e-16,
6629.247727374646,4.0749820377524463e-16,
6632.854049727522,4.521332318811869e-16,
6636.460663608026,4.42939399654444e-16,
6640.067568568992,4.295001900215911e-16,
6643.674764165915,3.9873350664897324e-16,
6647.282249956948,4.571081888843237e-16,
6650.890025502906,4.472678430414291e-16,
6654.498090367262,4.893014345182068e-16,
6658.106444116151,4.883139378465311e-16,
6661.715086318367,4.52504887202026e-16,
6665.324016545363,4.4029007592191525e-16,
6668.933234371253,4.306034030835279e-16,
6672.542739372813,4.355945891852476e-16,
6676.152531129477,4.3775530052050714e-16,
6679.762609223339,4.712448478641456e-16,
6683.372973239152,4.38997411044368e-16,
6686.983622764332,4.75223003823487e-16,
6690.594557388953,4.4607770981609065e-16,
6694.20577670575,4.716555306160026e-16,
6697.817280310118,4.672475182250882e-16,
6701.429067800111,4.511733096962137e-16,
6705.041138776442,4.579520674738377e-16,
6708.653492842487,4.4242776195054653e-16,
6712.266129604282,4.531096852539755e-16,
6715.879048670519,4.480748698565021e-16,
6719.492249652556,4.664046427065777e-16,
6723.105732164406,4.1476474496517238e-16,
6726.719495822745,4.521687755983486e-16,
6730.333540246906,4.1736752825459823e-16,
6733.947865058886,4.3609455701027773e-16,
6737.562469883338,4.392450413965963e-16,
6741.17735434758,4.752427917520085e-16,
6744.792518081585,4.532162520494666e-16,
6748.407960717988,4.669459290728008e-16,
6752.023681892086,4.54840122514231e-16,
6755.639681241833,4.590040342957296e-16,
6759.255958407844,4.530222303857616e-16,
6762.872513033395,3.979731006039576e-16,
6766.489344764421,3.991459733275624e-16,
6770.106453249518,3.9356083785369326e-16,
6773.723838139942,4.438774907415306e-16,
6777.341499089607,4.366267735251723e-16,
6780.959435755089,4.2165876494906494e-16,
6784.577647795624,4.532465252468445e-16,
6788.196134873107,4.354537124669015e-16,
6791.814896652097,4.364171932771194e-16,
6795.433932799804,4.394885607967379e-16,
6799.053242986109,4.4052571288531898e-16,
6802.672826883545,4.633742351566791e-16,
6806.292684167308,4.3914114893880357e-16,
6809.912814515255,4.564133296591855e-16,
6813.533217607902,4.8654499729636325e-16,
6817.153893128424,4.775106691461608e-16,
6820.774840762658,5.0648468950721875e-16,
6824.3960601991,4.691435702515506e-16,
6828.017551128905,4.617018555053176e-16,
6831.639313245891,4.449927880546988e-16,
6835.261346246532,4.467827431838664e-16,
6838.883649829967,4.464064869720025e-16,
6842.50622369799,4.732390396078515e-16,
6846.129067555059,4.51881138787229e-16,
6849.75218110829,4.437441857287055e-16,
6853.375564067459,4.175451989454843e-16,
6856.999216145003,4.354069509627362e-16,
6860.623137056018,4.3020099585894813e-16,
6864.247326518261,4.066463158465657e-16,
6867.871784252148,3.887336013988322e-16,
6871.496509980757,4.244926644250505e-16,
6875.121503429824,3.731576579241988e-16,
6878.746764327745,3.6754600362823104e-16,
6882.372292405578,4.3149707622712954e-16,
6885.99808739704,3.906880357088562e-16,
6889.624149038506,3.705182599620343e-16,
6893.250477069016,3.807800856081158e-16,
6896.877071230263,3.5101731941430314e-16,
6900.503931266609,3.8326682039569815e-16,
6904.131056925067,3.612946006202252e-16,
6907.758447955315,3.839677518637047e-16,
6911.386104109692,3.295783464287671e-16,
6915.014025143193,3.496509059769748e-16,
6918.6422108134775,3.368795042325255e-16,
6922.27066088086,3.1373980009219223e-16,
6925.899375108321,2.9859819166705443e-16,
6929.528353261496,3.303917149931825e-16,
6933.157595108682,3.15312428895614e-16,
6936.787100420837,3.376115574666122e-16,
6940.416868971579,3.2430053710610155e-16,
6944.046900537186,3.35103928281688e-16,
6947.677194896594,3.286867433243677e-16,
6951.307751831402,3.354386825474524e-16,
6954.938571125867,3.3439814243294235e-16,
6958.569652566908,3.476690734522512e-16,
6962.200995944102,3.37107178304592e-16,
6965.832601049686,3.665722779816647e-16,
6969.464467678559,3.5903715634502434e-16,
6973.096595628278,3.6389373698411583e-16,
6976.728984699063,3.950795988565357e-16,
6980.361634693789,3.848911749465124e-16,
6983.994545417996,3.79141592341117e-16,
6987.627716679881,4.0022706412699114e-16,
6991.261148290304,4.25885367250802e-16,
6994.894840062781,4.042654271727978e-16,
6998.528791813493,4.3656367688685093e-16,
7002.163003361275,4.214259641838586e-16,
7005.797474527628,3.960701675741233e-16,
7009.432205136708,4.3961608325127084e-16,
7013.067195015336,4.576464505697688e-16,
7016.702443992988,4.500582691607735e-16,
7020.337951901804,4.799300959653738e-16,
7023.973718576583,4.539020045854495e-16,
7027.609743854782,4.804536587955895e-16,
7031.246027576521,4.275656520337035e-16,
7034.882569584578,4.577364823434639e-16,
7038.519369724392,4.675435745714103e-16,
7042.156427844061,5.11716916334357e-16,
7045.793743794346,4.866805508008934e-16,
7049.431317428662,4.482823408779605e-16,
7053.069148603092,4.71286861731114e-16,
7056.7072371763725,4.582923721922535e-16,
7060.345583009903,4.595767342577145e-16,
7063.984185967744,4.450146013579068e-16,
7067.623045916612,4.445506348440941e-16,
7071.262162725888,4.567922127044913e-16,
7074.90153626761,4.613301009491006e-16,
7078.541166416479,4.313313291591434e-16,
7082.181053049852,4.638066416832872e-16,
7085.821196047749,4.40238041006866e-16,
7089.461595292851,4.4873360759454265e-16,
7093.102250670496,4.683555255249778e-16,
7096.743162068682,4.568397359604205e-16,
7100.384329378072,4.482833286226981e-16,
7104.025752491983,4.169171883237412e-16,
7107.667431306394,4.391742385456765e-16,
7111.309365719947,4.466551201167202e-16,
7114.95155563394,4.168120023020886e-16,
7118.594000952333,4.565728163860073e-16,
7122.236701581747,4.603617511977222e-16,
7125.879657431459,4.291544355570097e-16,
7129.522868413412,4.567370977337406e-16,
7133.166334442203,4.286646341250831e-16,
7136.810055435095,4.1783374879252206e-16,
7140.454031312005,3.7934534441146144e-16,
7144.098261995515,3.9353352300873523e-16,
7147.7427474108645,4.123394032564476e-16,
7151.387487485952,3.982440441596838e-16,
7155.03248215134,4.142457909643324e-16,
7158.677731340249,3.798228416687228e-16,
7162.323234988557,4.1182577585595264e-16,
7165.968993034805,4.106537348208135e-16,
7169.6150054201935,3.9910761647354334e-16,
7173.261272088584,3.657952809026246e-16,
7176.907792986494,3.624702900537976e-16,
7180.5545680631085,3.5513390356071243e-16,
7184.201597270265,3.6215072099355128e-16,
7187.848880562463,4.0671684822877244e-16,
7191.496417896865,3.646533858570089e-16,
7195.144209233291,3.79581864550167e-16,
7198.792254534223,3.845693422344473e-16,
7202.4405537648,3.843115552135717e-16,
7206.089106892823,3.9610982428648953e-16,
7209.737913888753,4.1709365121551004e-16,
7213.386974725711,4.419243930997064e-16,
7217.036289379479,4.088171803123373e-16,
7220.685857828495,3.8919918958630915e-16,
7224.335680053864,3.8290996021038413e-16,
7227.985756039343,3.9938790384301124e-16,
7231.636085771356,4.0059579901179893e-16,
7235.286669238983,4.2593392805000253e-16,
7238.937506433966,3.9568147309804796e-16,
7242.588597350704,4.213330568628214e-16,
7246.23994198626,3.731488346361688e-16,
7249.891540340355,4.258426665223333e-16,
7253.543392415371,3.8617668806527726e-16,
7257.19549821635,3.9870043347238044e-16,
7260.84785775099,4.0440500943040975e-16,
7264.500471029655,4.1289629216398405e-16,
7268.153338065367,4.0568711148441847e-16,
7271.806458873806,4.335377619919881e-16,
7275.459833473315,4.691294635454181e-16,
7279.113461884895,4.454896088019766e-16,
7282.767344132208,3.8983801087453327e-16,
7286.4214802415745,4.182805380392033e-16,
7290.075870241978,4.325269915623573e-16,
7293.7305141650595,4.2649712682451567e-16,
7297.385412045121,4.317826600218086e-16,
7301.040563919124,4.1482491099334096e-16,
7304.695969826691,4.1290994581612433e-16,
7308.351629810104,4.625822383333294e-16,
7312.007543914306,4.2237577988625133e-16,
7315.663712186896,4.601581242813768e-16,
7319.320134678139,4.47578575184836e-16,
7322.976811440956,4.163952293698367e-16,
7326.63374253093,4.3470505889159325e-16,
7330.290928006304,4.4744413949528795e-16,
7333.948367927978,4.3390547201313513e-16,
7337.606062359516,4.4116257009188083e-16,
7341.26401136714,4.2888750639655927e-16,
7344.922215019731,4.72658671236732e-16,
7348.580673388835,4.14758368793526e-16,
7352.239386548652,4.1675511772165027e-16,
7355.898354576044,4.2095646522551964e-16,
7359.557577550535,4.2393643861687326e-16,
7363.217055554308,4.268504597635677e-16,
7366.876788672204,4.120543034476267e-16,
7370.536776991728,4.323594640357672e-16,
7374.197020603042,3.803462636306516e-16,
7377.857519598967,4.14800729053621e-16,
7381.518274074988,3.850778438061759e-16,
7385.179284129247,4.148845087179281e-16,
7388.840549862548,3.901462358970132e-16,
7392.502071378353,3.79048561014632e-16,
7396.163848782786,4.195353254403192e-16,
7399.825882184628,3.774928733108274e-16,
7403.488171695326,4.2721290012491274e-16,
7407.15071742898,4.1724694299499526e-16,
7410.813519502353,3.860345926838631e-16,
7414.476578034871,3.8505617333855913e-16,
7418.139893148615,3.8485786165799476e-16,
7421.803464968329,3.8909520071959697e-16,
7425.467293621417,4.088178759907714e-16,
7429.131379237942,4.009506369945682e-16,
7432.795721950628,3.7992045249262e-16,
7436.460321894858,3.8735246444986997e-16,
7440.125179208675,4.129509774171484e-16,
7443.790294032784,4.146023264125755e-16,
7447.455666510549,4.010805174957005e-16,
7451.121296787993,4.0269958311504195e-16,
7454.787185013798,4.373149387355638e-16,
7458.45333133931,4.3025673999054063e-16,
7462.119735918533,4.0167715777157766e-16,
7465.786398908131,4.020559180999087e-16,
7469.453320467425,4.111696738211708e-16,
7473.120500758403,4.0252954250108965e-16,
7476.787939945707,4.2159158720958926e-16,
7480.45563819664,4.2047034957248683e-16,
7484.123595681169,4.250339362889893e-16,
7487.791812571917,3.9547502443916163e-16,
7491.4602890441665,4.3967065235751612e-16,
7495.129025275864,3.7348389702517357e-16,
7498.798021447614,3.980858884248792e-16,
7502.467277742679,4.1374651875134013e-16,
7506.136794346983,4.153240873086232e-16,
7509.806571449113,3.692369805441059e-16,
7513.476609240313,4.134907902088422e-16,
7517.146907914485,4.099305989370144e-16,
7520.817467668197,4.564718650926974e-16,
7524.488288700672,4.078743278738383e-16,
7528.159371213793,4.1095317283060295e-16,
7531.830715412108,4.768884294212324e-16,
7535.5023215028195,4.190729540769312e-16,
7539.174189695793,4.428256480382231e-16,
7542.846320203553,4.0249310255438727e-16,
7546.518713241285,4.007277681027792e-16,
7550.191369026834,3.7700759158211564e-16,
7553.864287780703,3.6903259173009733e-16,
7557.53746972606,3.5275213828275243e-16,
7561.210915088729,3.585938248952345e-16,
7564.884624097194,3.363738748122044e-16,
7568.558596982602,3.0594675941691224e-16,
7572.232833978756,3.313663149063534e-16,
7575.907335322123,3.740755556938997e-16,
7579.582101251827,3.5180095771265446e-16,
7583.257132009655,3.3446472944384444e-16,
7586.932427840051,3.188525965488369e-16,
7590.607988990121,3.1051609328171203e-16,
7594.28381570963,3.235196473199486e-16,
7597.959908251004,2.933216675200169e-16,
7601.636266869328,3.0887342066327677e-16,
7605.312891822348,2.531725651551045e-16,
7608.989783370471,3.8433784866487165e-16,
7612.666941776761,3.298311282992404e-16,
7616.344367306943,2.781322416168985e-16,
7620.022060229404,2.696127298582321e-16,
7623.700020815189,2.9692224750228443e-16,
7627.378249338007,3.4161956653638244e-16,
7631.0567460742195,2.9884364923377267e-16,
7634.735511302855,2.9247849016705673e-16,
7638.414545305599,2.9552112913476288e-16,
7642.093848366797,2.9867977359192933e-16,
7645.773420773456,2.8796019505156e-16,
7649.453262815241,3.1426225420287473e-16,
7653.13337478448,3.360002633952649e-16,
7656.813756976157,3.2978786051905107e-16,
7660.49440968792,2.7978454250014284e-16,
7664.175333220075,2.9616833378280004e-16,
7667.856527875588,2.478124972571072e-16,
7671.537993960084,2.525644563939837e-16,
7675.219731781852,2.7114366735091316e-16,
7678.901741651837,2.772500446143402e-16,
7682.584023883646,2.7838140828281275e-16,
7686.266578793546,2.775371931882377e-16,
7689.9494067004625,2.5258717697432236e-16,
7693.632507925983,2.9728827063333645e-16,
7697.315882794354,2.9259354360198484e-16,
7700.999531632482,2.6175880899627597e-16,
7704.6834547699345,2.674555303457681e-16,
7708.367652538937,2.537315495268455e-16,
7712.052125274378,3.213522012015737e-16,
7715.736873313804,3.474561281511596e-16,
7719.421896997421,2.659792845712722e-16,
7723.107196668097,3.036176778351317e-16,
7726.792772671358,3.121096899015129e-16,
7730.478625355392,3.264235316717667e-16,
7734.164755071047,3.174131381280468e-16,
7737.851162171829,2.937291045001261e-16,
7741.537847013905,2.896990949752647e-16,
7745.224809956103,3.5457863383846995e-16,
7748.91205135991,2.8904284501284605e-16,
7752.599571589473,3.161207680897181e-16,
7756.2873710116,3.1529256345818903e-16,
7759.975449995759,3.5713906555802077e-16,
7763.663808914076,3.398711114100924e-16,
7767.352448141341,3.466400225603004e-16,
7771.041368054998,3.268547464413072e-16,
7774.730569035159,3.376084761001854e-16,
7778.420051464587,3.2380418617793065e-16,
7782.109815728712,3.544985788158783e-16,
7785.799862215624,3.4781743481956036e-16,
7789.4901913160675,3.1320407770193256e-16,
7793.180803423451,3.243325654434282e-16,
7796.871698933844,3.260964999534777e-16,
7800.562878245973,3.5184090704324096e-16,
7804.254341761226,3.124170909280723e-16,
7807.946089883651,2.997917014014301e-16,
7811.638123019958,3.5397294652387133e-16,
7815.330441579513,3.593389055257333e-16,
7819.023045974344,3.3260009004536394e-16,
7822.715936619141,3.1853710153267314e-16,
7826.40911393125,3.339156605586314e-16,
7830.102578330682,3.236475003230521e-16,
7833.796330240104,3.131937596080386e-16,
7837.490370084844,3.6401531531939233e-16,
7841.18469829289,3.6431839207548093e-16,
7844.879315294892,3.5229924465813447e-16,
7848.574221524158,3.8952752201397056e-16,
7852.269417416656,3.45266775235705e-16,
7855.964903411015,3.678332497361894e-16,
7859.6606799485235,3.329927197842129e-16,
7863.356747473131,3.7778305570104485e-16,
7867.053106431445,3.699988576674484e-16,
7870.749757272735,3.497325234923424e-16,
7874.446700448931,3.9037252755081325e-16,
7878.143936414619,3.625076051778403e-16,
7881.841465627051,3.3078768571071903e-16,
7885.539288546133,3.351905765908286e-16,
7889.237405634436,3.472023168945379e-16,
7892.935817357189,3.36849374481491e-16,
7896.634524182281,3.3405831782290104e-16,
7900.33352658026,3.350844766056632e-16,
7904.032825024336,3.47607563682236e-16,
7907.73241999038,3.2960301304295277e-16,
7911.432311956918,3.9689515163936704e-16,
7915.132501405142,3.3098882683138595e-16,
7918.832988818899,2.7113432721961674e-16,
7922.5337746847,3.497846382903357e-16,
7926.234859491715,3.164571707642065e-16,
7929.936243731772,3.263294135620787e-16,
7933.637927899361,3.726549148010943e-16,
7937.339912491632,3.585702279123818e-16,
7941.042198008396,3.524712149136787e-16,
7944.744784952119,3.5473146096607514e-16,
7948.447673827934,3.296697737637701e-16,
7952.150865143629,3.4562866442310563e-16,
7955.8543594096545,3.529390912453485e-16,
7959.55815713912,3.3482675929802394e-16,
7963.262258847797,3.7271218193903213e-16,
7966.966665054113,3.300241984477149e-16,
7970.67137627916,3.621742616557786e-16,
7974.376393046687,3.5113726975439824e-16,
7978.081715883103,3.433436764857287e-16,
7981.787345317482,3.239094431528694e-16,
7985.493281881549,3.54965189365924e-16,
7989.199526109698,3.4319142241627435e-16,
7992.906078538977,3.4647258906606207e-16,
7996.612939709099,2.9826321626684164e-16,
8000.320110162432,3.273020035850977e-16,
8004.027590444006,3.046657686889104e-16,
8007.735381101514,3.4011901115515883e-16,
8011.443482685304,3.381214043974876e-16,
8015.151895748388,3.322243576344072e-16,
8018.860620846436,3.7603352174524794e-16,
8022.569658537779,3.163826069662633e-16,
8026.279009383406,3.4184126812841327e-16,
8029.988673946971,3.288847880157735e-16,
8033.698652794782,3.181982749723303e-16,
8037.408946495811,3.4607187331376616e-16,
8041.119555621688,2.9225559857131723e-16,
8044.830480746704,3.1690408213980674e-16,
8048.541722447811,3.2176012846181033e-16,
8052.253281304618,3.681450565396728e-16,
8055.965157899398,3.4833896601394313e-16,
8059.677352817082,3.0558048316800957e-16,
8063.38986664526,3.841213738787114e-16,
8067.1026999741825,3.598373558327699e-16,
8070.815853396763,3.318974464342206e-16,
8074.52932750857,3.1705074146551686e-16,
8078.243122907837,3.249132993163167e-16,
8081.957240195455,3.204106356015727e-16,
8085.671679974975,3.1606276007711653e-16,
8089.386442852608,3.485871110336609e-16,
8093.101529437225,3.4392408514241176e-16,
8096.816940340359,3.397823315953339e-16,
8100.532676176201,3.359671682245695e-16,
8104.248737561602,2.9833171651692997e-16,
8107.965125116074,3.4064281237954526e-16,
8111.681839461789,3.670137495667766e-16,
8115.398881223578,2.7589506522521393e-16,
8119.116251028934,3.165753301839453e-16,
8122.833949508008,3.3665885474516247e-16,
8126.551977293611,3.3635433357693387e-16,
8130.270335021217,3.0261109983197864e-16,
8133.989023328956,3.014245198683746e-16,
8137.708042857621,2.7203114886813123e-16,
8141.427394250663,2.7681856966800487e-16,
8145.147078154196,2.6495002369862533e-16,
8148.8670952169905,2.648727704051889e-16,
8152.587446090478,3.0042692463927663e-16,
8156.308131428753,2.6795739017581367e-16,
8160.029151888566,2.869382119155637e-16,
8163.750508129331,2.710725353300323e-16,
8167.472200813118,2.966222207820588e-16,
8171.194230604661,2.542742977786011e-16,
8174.916598171352,2.918423104263524e-16,
8178.639304183243,2.713029583168353e-16,
8182.362349313049,2.949987354886123e-16,
8186.085734236139,2.8559737056741343e-16,
8189.809459630547,3.0307662943180233e-16,
8193.533526176967,2.8110309038258714e-16,
8197.25793455875,3.043412270834266e-16,
8200.982685461908,2.6157604837613345e-16,
8204.707779575117,2.8810975352777227e-16,
8208.433217589707,3.210728860696042e-16,
8212.159000199672,3.346651741399399e-16,
8215.885128101665,3.166005282720774e-16,
8219.611601994999,3.0000843114442423e-16,
8223.338422581644,2.950696392494394e-16,
8227.065590566239,2.601029246397235e-16,
8230.793106656072,2.748975378294289e-16,
8234.5209715611,3.0057929900985776e-16,
8238.249185993931,2.9832515817203863e-16,
8241.977750669843,3.0507397754667963e-16,
8245.706666306769,3.077328482368522e-16,
8249.4359336253,3.1438662122111417e-16,
8253.16555334869,3.083260183482827e-16,
8256.895526202852,2.737567202601379e-16,
8260.625852916362,3.2230678665286707e-16,
8264.356534220451,3.070604492532194e-16,
8268.087570849013,3.1075527460487674e-16,
8271.818963538602,2.8351792616912475e-16,
8275.550713028431,2.8724495803321273e-16,
8279.282820060374,3.0693653558250914e-16,
8283.015285378966,3.033847826305787e-16,
8286.7481097314,3.287714482930577e-16,
8290.481293867526,2.305669662792649e-16,
8294.214838539865,2.637457741479171e-16,
8297.948744503585,2.543799195084381e-16,
8301.683012516523,2.5337161806442773e-16,
8305.417643339171,2.746216165270135e-16,
8309.152637734685,3.0879658505666697e-16,
8312.887996468879,2.8772828069006087e-16,
8316.623720310226,2.432598727523521e-16,
8320.35981002986,2.1211153929389396e-16,
8324.096266401575,2.596190381354104e-16,
8327.833090201826,2.61397996487718e-16,
8331.570282209728,2.2119551141314326e-16,
8335.307843207054,1.7218032367710586e-16,
8339.04577397824,2.840962617129129e-16,
8342.78407531038,2.761895814408766e-16,
8346.522747993225,2.957125824576832e-16,
8350.261792819194,2.9535201292485074e-16,
8354.00121058336,2.05308773554315e-16,
8357.741002083458,2.3305903249861793e-16,
8361.48116811988,2.0693054811177644e-16,
8365.221709495685,1.8415352082403784e-16,
8368.962627016585,2.0400041765460536e-16,
8372.703921490955,1.7711579703062571e-16,
8376.44559372983,2.2307261514192433e-16,
8380.187644546906,2.1564163484322883e-16,
8383.930074758537,1.7010763177033024e-16,
8387.672885183736,1.8641021790753066e-16,
8391.416076644182,1.413500910544395e-16,
8395.159649964207,2.271712571461258e-16,
8398.903605970807,2.371839304475724e-16,
8402.647945493638,1.9435428584069164e-16,
8406.392669365016,1.4926705286563764e-16,
8410.137778419912,1.8038238883339011e-16,
8413.883273495963,1.795456492827345e-16,
8417.629155433468,2.22000724073711e-16,
8421.37542507538,2.0570385062226982e-16,
8425.122083267312,1.7051031950617184e-16,
8428.86913085754,1.9158220289499207e-16,
8432.616568697003,1.7741892772782175e-16,
8436.364397639294,1.4322295781920223e-16,
8440.11261854067,2.6521462404189957e-16,
8443.861232260044,2.211895824651716e-16,
8447.610239658994,2.20571861898786e-16,
8451.359641601755,1.9794757232225752e-16,
8455.109438955224,2.4466189175621995e-16,
8458.859632588954,2.561961597488193e-16,
8462.610223375164,2.526286021207345e-16,
8466.361212188727,2.839191213422152e-16,
8470.112599907181,2.4113475513692675e-16,
8473.86438741072,2.85902533950206e-16,
8477.616575582202,2.9917720893494683e-16,
8481.369165307144,2.6033943304233744e-16,
8485.12215747372,2.502014644411175e-16,
8488.875552972764,2.363508018537024e-16,
8492.629352697777,2.8826168879970683e-16,
8496.383557544912,2.7775069168523123e-16,
8500.138168412986,2.821897170539116e-16,
8503.893186203477,2.4751384800463284e-16,
8507.64861182052,2.6586359966789453e-16,
8511.40444617091,2.8057297411106597e-16,
8515.160690164106,2.6310934806795675e-16,
8518.917344712225,2.600240474391057e-16,
8522.674410730038,2.98321464750729e-16,
8526.431889134989,2.665267348809929e-16,
8530.189780847171,3.0007697449023876e-16,
8533.94808678934,2.833568367446825e-16,
8537.706807886914,3.0707578935404526e-16,
8541.46594506797,3.0228082216426726e-16,
8545.225499263242,2.788549262021719e-16,
8548.985471406131,3.078536668115562e-16,
8552.745862432692,2.4007327275422515e-16,
8556.506673281643,3.2307550127959997e-16,
8560.26790489436,2.6080942712158155e-16,
8564.029558214877,2.973870499895878e-16,
8567.791634189896,2.982699039289585e-16,
8571.554133768774,3.102005730252912e-16,
8575.317057903523,3.156679314440886e-16,
8579.080407548827,3.3111115117146087e-16,
8582.844183662019,3.195458440841337e-16,
8586.608387203096,3.1030525087765763e-16,
8590.373019134717,3.496780203236569e-16,
8594.138080422199,3.790132553283048e-16,
8597.90357203352,3.3993113661025594e-16,
8601.669494939317,3.449325256910625e-16,
8605.435850112886,3.807376919704777e-16,
8609.202638530189,3.816072675376627e-16,
8612.969861169839,3.515806857092633e-16,
8616.737519013113,3.940482429934684e-16,
8620.505613043953,3.870187333649447e-16,
8624.274144248957,3.774317751650888e-16,
8628.043113617377,3.766774462016059e-16,
8631.812522141137,4.343722748835031e-16,
8635.582370814811,3.792499319255433e-16,
8639.352660635639,4.076258808926187e-16,
8643.123392603517,4.1173735244895133e-16,
8646.894567721005,4.2810277634007715e-16,
8650.66618699332,4.519526471007639e-16,
8654.43825142834,4.2486123260544012e-16,
8658.210762036606,4.752760758479484e-16,
8661.98371983131,4.083715319982224e-16,
8665.757125828317,4.164353980492599e-16,
8669.530981046142,4.320139447494389e-16,
8673.305286505962,4.691514819252713e-16,
8677.080043231617,4.3275537441530734e-16,
8680.855252249607,4.924625375149168e-16,
8684.630914589088,4.509830182394955e-16,
8688.40703128188,4.69056473047414e-16,
8692.18360336246,4.295758183923233e-16,
8695.960631867969,4.742042858630861e-16,
8699.738117838202,3.978717405757997e-16,
8703.51606231562,4.574335254970959e-16,
8707.294466345344,4.780181917531081e-16,
8711.073330975149,4.3274533270578885e-16,
8714.852657255475,4.726962606610974e-16,
8718.63244623942,4.2279244807331893e-16,
8722.412698982745,4.496026353050439e-16,
8726.193416543869,4.658985549790487e-16,
8729.974599983869,4.2679351231881713e-16,
8733.756250366483,4.505742157785294e-16,
8737.538368758114,4.2118522321264814e-16,
8741.320956227819,4.229370382385724e-16,
8745.104013847316,4.476327216623675e-16,
8748.887542690987,4.4091387883261853e-16,
8752.67154383587,4.241069820558994e-16,
8756.456018361663,4.367117392423085e-16,
8760.240967350726,4.205940288767523e-16,
8764.026391888081,5.014724963842209e-16,
8767.812293061403,4.77135178809762e-16,
8771.598671961036,3.27279417559649e-16,
8775.385529679974,4.736675957373753e-16,
8779.172867313882,4.554167204157246e-16,
8782.960685961078,4.936847153598486e-16,
8786.74898672254,4.154839436249554e-16,
8790.537770701909,4.628331969018591e-16,
8794.327039005484,4.2373892886142784e-16,
8798.116792742227,4.342964063886028e-16,
8801.907033023756,4.899274682608386e-16,
8805.697760964349,4.340037866018117e-16,
8809.48897768095,4.2375186342563454e-16,
8813.280684293157,4.381616008826994e-16,
8817.072881923228,4.258806079175186e-16,
8820.865571696087,3.7182462706551775e-16,
8824.658754739312,4.636216001570754e-16,
8828.452432183141,4.3279402397020317e-16,
8832.246605160479,4.928924420432779e-16,
8836.041274806883,5.090507893909026e-16,
8839.836442260575,3.3371944506394707e-16,
8843.632108662432,4.005692020962336e-16,
8847.428275155999,3.7732134998392862e-16,
8851.224942887473,4.0548006975980494e-16,
8855.022113005716,3.597243190828212e-16,
8858.819786662249,3.738954686683183e-16,
8862.61796501125,3.734677292717698e-16,
8866.416649209561,3.42401812266666e-16,
8870.215840416684,3.814501880314426e-16,
8874.015539794778,3.778819836601922e-16,
8877.815748508665,3.78820349510188e-16,
8881.616467725824,4.0409707797215784e-16,
8885.417698616397,3.359440224400722e-16,
8889.219442353186,3.7211971536707776e-16,
8893.021700111649,3.279828787501608e-16,
8896.824473069908,3.025206075015281e-16,
8900.627762408747,3.470397286664276e-16,
8904.431569311602,3.6336804163678253e-16,
8908.235894964579,2.873098843750025e-16,
8912.040740556435,2.913558573072999e-16,
8915.846107278594,3.8099214866871317e-16,
8919.651996325136,3.3563340316268203e-16,
8923.4584088928,2.889761363218744e-16,
8927.265346180993,2.2006875447348763e-16,
8931.072809391771,2.835850630376146e-16,
8934.880799729859,3.414420893004977e-16,
8938.689318402636,3.506850330136608e-16,
8942.498366620144,3.589645354723454e-16,
8946.307945595086,3.4325017868113187e-16,
8950.118056542822,3.2702318590379553e-16,
8953.928700681374,3.05609912866477e-16,
8957.739879231423,3.7434438543425273e-16,
8961.551593416312,3.1692613343592663e-16,
8965.363844462043,2.4363279579613585e-16,
8969.176633597275,2.97410493186398e-16,
8972.989962053334,2.898222574143677e-16,
8976.803831064199,2.8673710140277907e-16,
8980.618241866512,2.994757359435134e-16,
8984.433195699576,3.0188413901136143e-16,
8988.248693805352,3.053365748299656e-16,
8992.064737428462,3.2919785569767834e-16,
8995.88132781619,3.0008312328227635e-16,
8999.698466218477,2.9738840735655903e-16,
9003.516153887924,2.794920314686129e-16,
9007.334392079794,3.2313642327582125e-16,
9011.15318205201,3.2201521042191297e-16,
9014.972525065155,3.2261898711747867e-16,
9018.792422382468,2.731941943993667e-16,
9022.612875269857,2.686713459077439e-16,
9026.43388499588,2.6132795355765547e-16,
9030.255452831758,2.584027724478426e-16,
9034.077580051378,3.0296009032615536e-16,
9037.90026793128,2.8110334001583043e-16,
9041.723517750668,3.2142017707881313e-16,
9045.547330791404,2.416009504053862e-16,
9049.37170833801,2.9210535698110714e-16,
9053.19665167767,2.2204810863926757e-16,
9057.022162100227,3.0832382097780502e-16,
9060.848240898182,3.178288826314884e-16,
9064.6748893667,3.4857691758897434e-16,
9068.502108803605,3.16593811159338e-16,
9072.329900509374,3.2639237078343037e-16,
9076.158265787157,2.492278595097778e-16,
9079.98720594275,2.710299989036162e-16,
9083.816722284624,2.789422791855709e-16,
9087.646816123895,2.614233059286684e-16,
9091.477488774355,3.43232264459175e-16,
9095.30874155244,3.663719041226704e-16,
9099.140575777252,2.605877199060313e-16,
9102.97299277056,3.0219459691851633e-16,
9106.805993856784,2.3918693039186804e-16,
9110.63958036301,2.8908691694528523e-16,
9114.473753618977,2.284028583991732e-16,
9118.308514957092,2.334324450202817e-16,
9122.14386571242,2.7236675633054124e-16,
9125.97980722268,2.8053117417423887e-16,
9129.81634082826,2.6945904691017296e-16,
9133.6534678722,2.2907064160666356e-16,
9137.491189700208,2.63641443434698e-16,
9141.329507660645,1.8197893609029464e-16,
9145.168423104533,1.9134677032983431e-16,
9149.007937385555,2.6765591338545253e-16,
9152.848051860065,2.484083942580123e-16,
9156.688767887055,1.8842331164151927e-16,
9160.530086828196,2.2034680677951976e-16,
9164.37201004781,2.0598103119212242e-16,
9168.21453891288,2.781433035353705e-16,
9172.057674793054,2.1852311569928622e-16,
9175.90141906063,2.4326025082295073e-16,
9179.745773090575,2.47807015128631e-16,
9183.590738260518,2.296340144620432e-16,
9187.436315950736,2.038876720991928e-16,
9191.282507544178,2.2709233806481216e-16,
9195.129314426447,2.7976043841672624e-16,
9198.976737985806,2.433831914747398e-16,
9202.824779613182,2.663274605249068e-16,
9206.673440702158,2.853971620978241e-16,
9210.52272264898,2.83504823355118e-16,
9214.37262685255,2.473388671535656e-16,
9218.223154714437,2.249895252677574e-16,
9222.07430763886,2.519436956093036e-16,
9225.926087032709,2.38334916605376e-16,
9229.778494305525,2.26572686247931e-16,
9233.631530869514,2.707913830431404e-16,
9237.485198139542,3.000662333356356e-16,
9241.339497533134,2.8640253875873966e-16,
9245.194430470474,2.8275927306489725e-16,
9249.049998374408,2.9092542689722434e-16,
9252.90620267044,2.810160257880257e-16,
9256.763044786734,3.5097944380834237e-16,
9260.620526154118,3.1489275176581147e-16,
9264.478648206075,3.588305671416325e-16,
9268.33741237875,3.5215722065137793e-16,
9272.196820110952,3.7884244528367006e-16,
9276.056872844145,3.1392985362090063e-16,
9279.917572022448,4.158858052555354e-16,
9283.778919092654,3.6372040894309806e-16,
9287.640915504207,4.317161125589184e-16,
9291.503562709211,3.5961984622877697e-16,
9295.366862162433,3.323693497848677e-16,
9299.230815321294,3.5686049734449703e-16,
9303.095423645886,2.8723623858266293e-16,
9306.960688598952,3.236717666236631e-16,
9310.826611645896,2.683930649007171e-16,
9314.693194254787,4.366451578746077e-16,
9318.56043789635,2.2442208691023124e-16,
9322.428344043969,3.1385107029385524e-16,
9326.296914173692,2.6283428086079954e-16,
9330.166149764224,2.541917226022581e-16,
9334.03605229693,2.4906331231891663e-16,
9337.906623255838,1.6333659714644938e-16,
9341.777864127633,1.6440927865927538e-16,
9345.64977640166,2.0222323508287844e-16,
9349.522361569929,1.4124347549259834e-16,
9353.395621127102,2.46915089268594e-16,
9357.269556570507,2.384530545295491e-16,
9361.144169400131,2.378735370025833e-16,
9365.01946111862,2.287784194782681e-16,
9368.89543323128,1.8417947303051947e-16,
9372.772087246076,2.2923379567176253e-16,
9376.649424673638,2.3657890605862347e-16,
9380.527447027249,2.657260857914531e-16,
9384.40615582286,3.111749003263756e-16,
9388.285552579073,3.0924735304842076e-16,
9392.165638817154,1.9428680356413715e-16,
9396.046416061034,1.307134635033404e-16,
9399.927885837298,3.047986421666239e-16,
9403.810049675192,2.4747114657413303e-16,
9407.692909106623,2.7577882506404316e-16,
9411.57646566616,3.001676653174737e-16,
9415.46072089103,3.8878535823415616e-16,
9419.345676321114,2.8811127209610403e-16,
9423.231333498969,3.135619939938231e-16,
9427.11769396979,3.745984633355657e-16,
9431.004759281454,2.0292376942735336e-16,
9434.892530984484,3.1663172927739164e-16,
9438.781010632069,2.6108243271317344e-16,
9442.670199780052,3.178503172071789e-16,
9446.560099986946,1.516071683817334e-16,
9450.450712813916,2.168189963258968e-16,
9454.342039824787,3.913286538368208e-16,
9458.23408258605,3.688665272957618e-16,
9462.12684266685,1.839269890762488e-16,
9466.020321638998,1.6167467485949726e-16,
9469.914521076957,2.467236966946376e-16,
9473.809442557857,2.9003389585693663e-16,
9477.705087661485,2.154051541900978e-16,
9481.60145797029,2.922943475381823e-16,
9485.498555069376,2.516071040292595e-16,
9489.396380546516,1.0960700335044748e-16,
9493.294935992137,1.9699090945372852e-16,
9497.194222999322,2.135766782896129e-16,
9501.09424316382,2.522457952276637e-16,
9504.994998084048,1.7867722475803872e-16,
9508.89648936106,1.4919106105099655e-16,
9512.798718598597,1.4468403064824098e-16,
9516.701687403036,2.108412015919301e-16,
9520.605397383431,2.314295474583558e-16,
9524.509850151491,2.773065814485561e-16,
9528.415047321583,2.6264124906411843e-16,
9532.320990510736,2.8600389456211046e-16,
9536.227681338636,1.9631364477613152e-16,
9540.135121427633,3.3060417856969507e-16,
9544.043312402731,2.335482564001221e-16,
9547.952255891609,1.8746082835482562e-16,
9551.861953524583,2.239459044363684e-16,
9555.772406934651,2.6120950476572793e-16,
9559.68361775746,2.330855945466595e-16,
9563.595587631313,1.8653555499700335e-16,
9567.508318197182,1.0014379890397975e-16,
9571.4218110987,9.934789040749832e-17,
9575.336067982147,2.1700911901398026e-16,
9579.251090496478,2.8410333060203233e-16,
9583.1668802933,3.6346517843726684e-16,
9587.083439026885,2.5550772247002284e-16,
9591.000768354155,2.650649409621245e-16,
9594.918869934709,2.5510350736900433e-16,
9598.837745430785,1.893910380546477e-16,
9602.7573965073,2.3071366371045104e-16,
9606.677824831817,2.68730097364644e-16,
9610.599032074571,3.238377990752967e-16,
9614.521019908449,2.695703682313156e-16,
9618.443790009,2.0770459048485643e-16,
9622.367344054432,2.728316282204815e-16,
9626.291683725616,2.1134410393010387e-16,
9630.21681070608,2.2552000250181804e-16,
9634.142726682016,2.9530648001287983e-16,
9638.069433342273,2.3182771401473583e-16,
9641.996932378355,3.195765337098233e-16,
9645.92522548444,2.7490816228020787e-16,
9649.854314357352,2.8408407296902344e-16,
9653.784200696582,2.5212009587113542e-16,
9657.71488620428,2.196837011994585e-16,
9661.646372585254,2.879706809250093e-16,
9665.578661546975,2.398053689315553e-16,
9669.511754799576,2.804606152286081e-16,
9673.445654055842,2.7695348231575923e-16,
9677.380361031226,2.6515870394477492e-16,
9681.315877443836,2.7880175853781727e-16,
9685.252205014443,2.6281653744172633e-16,
9689.189345466477,2.008194901663749e-16,
9693.127300526028,3.5667357236436737e-17,
