wave,flux,flux_err
3776.7,1.555e-15,9.015000000000001e-31
3802.3,3.287e-15,7.3530000000000005e-31
3827.9,4.692e-15,6.166e-31
3853.4,3.682e-15,5.260000000000001e-31
3879.0,3.001e-15,4.534e-31
3904.6,2.105e-15,3.932e-31
3930.1,6.991e-16,3.4230000000000004e-31
3955.7,1.921e-15,2.988e-31
3981.3,1.624e-15,2.614e-31
4006.8,3.118e-15,2.292e-31
4032.4,3.126e-15,2.016e-31
4058.0,1.52e-15,1.7800000000000001e-31
4083.6,2.337e-15,1.578e-31
4109.1,2.18e-15,1.406e-31
4134.7,2.655e-15,1.2600000000000002e-31
4160.3,2.413e-15,1.1350000000000002e-31
4185.8,1.416e-15,1.028e-31
4211.4,3.007e-15,9.371e-32
4237.0,3.16e-15,8.59e-32
4262.6,3.612e-15,7.918e-32
4288.1,3.136e-15,7.339000000000001e-32
4313.7,3.24e-15,6.835e-32
4339.3,2.93e-15,6.396000000000001e-32
4364.8,3.229e-15,6.01e-32
4390.4,3.518e-15,5.668e-32
4416.0,3.422e-15,5.363e-32
4441.6,4.138e-15,5.088e-32
4467.1,3.456e-15,4.8380000000000003e-32
4492.7,3.415e-15,4.608e-32
4518.3,3.793e-15,4.3940000000000004e-32
4543.8,3.545e-15,4.194e-32
4569.4,3.285e-15,4.005e-32
4595.0,3.357e-15,3.825e-32
4620.5,3.454e-15,3.6530000000000003e-32
4646.1,3.245e-15,3.487e-32
4671.7,3.013e-15,3.327e-32
4697.3,2.749e-15,3.172e-32
4722.8,3.109e-15,3.022e-32
4748.4,3.011e-15,2.877e-32
4774.0,3.229e-15,2.737e-32
4799.5,2.759e-15,2.6030000000000003e-32
4825.1,2.763e-15,2.474e-32
4850.7,2.941e-15,2.35e-32
4876.3,2.82e-15,2.233e-32
4901.8,3.248e-15,2.121e-32
4927.4,3.407e-15,2.0150000000000002e-32
4953.0,3.481e-15,1.916e-32
4978.5,3.719e-15,1.822e-32
5004.1,3.634e-15,1.7350000000000002e-32
5029.7,3.682e-15,1.653e-32
5055.3,3.86e-15,1.577e-32
5080.8,3.701e-15,1.5060000000000001e-32
5106.4,3.667e-15,1.44e-32
5132.0,3.539e-15,1.379e-32
5157.5,3.547e-15,1.322e-32
5183.1,3.859e-15,1.27e-32
5208.7,3.597e-15,1.222e-32
5234.2,3.616e-15,1.177e-32
5259.8,3.544e-15,1.136e-32
5285.4,3.502e-15,1.097e-32
5311.0,3.473e-15,1.0620000000000001e-32
5336.5,3.483e-15,1.029e-32
5362.1,3.534e-15,9.986999999999999e-33
5387.7,3.441e-15,9.702999999999999e-33
5413.2,3.014e-15,9.437e-33
5438.8,3.131e-15,9.188e-33
5464.4,2.939e-15,8.954e-33
5490.0,3.143e-15,8.732999999999999e-33
5515.5,2.919e-15,8.524e-33
5541.1,2.838e-15,8.324e-33
5566.7,2.986e-15,8.132999999999999e-33
5592.2,2.881e-15,7.948999999999999e-33
5617.8,2.658e-15,7.771999999999999e-33
5643.4,2.555e-15,7.598999999999999e-33
5668.9,2.734e-15,7.432e-33
5694.5,2.655e-15,7.268e-33
5720.1,2.834e-15,7.108e-33
5745.7,2.812e-15,6.951999999999999e-33
5771.2,2.963e-15,6.804e-33
5796.8,2.997e-15,6.675e-33
5822.4,3.04e-15,6.588e-33
5847.9,3.1e-15,6.554e-33
5873.5,2.862e-15,6.537999999999999e-33
5899.1,2.647e-15,6.457e-33
5924.7,2.525e-15,6.265e-33
5950.2,2.315e-15,6.006e-33
5975.8,2.484e-15,5.7599999999999994e-33
6001.4,2.413e-15,5.562e-33
6026.9,2.308e-15,5.406e-33
6052.5,2.443e-15,5.273e-33
6078.1,2.347e-15,5.151e-33
6103.7,2.518e-15,5.034e-33
6129.2,2.541e-15,4.923e-33
6154.8,2.513e-15,4.817e-33
6180.4,2.373e-15,4.723e-33
6205.9,2.39e-15,4.651e-33
6231.5,2.398e-15,4.612e-33
6257.1,2.424e-15,4.592e-33
6282.6,2.332e-15,4.549e-33
6308.2,2.225e-15,4.447e-33
6333.8,2.259e-15,4.304e-33
6359.4,2.248e-15,4.1659999999999996e-33
6384.9,2.234e-15,4.067e-33
6410.5,2.161e-15,4.0219999999999996e-33
6436.1,2.195e-15,4.037e-33
6461.6,2.298e-15,4.087e-33
6487.2,2.462e-15,4.1e-33
6512.8,2.425e-15,4.014e-33
6538.4,2.327e-15,3.852e-33
6563.9,2.355e-15,3.6919999999999996e-33
6589.5,2.465e-15,3.576e-33
6615.1,2.538e-15,3.499e-33
6640.6,2.435e-15,3.441e-33
6666.2,2.46e-15,3.391e-33
6691.8,2.358e-15,3.343e-33
6717.4,2.219e-15,3.296e-33
6742.9,2.243e-15,3.255e-33
6768.5,2.28e-15,3.236e-33
6794.1,2.169e-15,3.274e-33
6819.6,2.21e-15,3.418e-33
6845.2,2.208e-15,3.662e-33
6870.8,2.15e-15,3.868e-33
6896.3,1.969e-15,3.8559999999999996e-33
6921.9,1.676e-15,3.6399999999999996e-33
6947.5,1.597e-15,3.389e-33
6973.1,1.441e-15,3.21e-33
6998.6,1.239e-15,3.102e-33
7024.2,1.169e-15,3.017e-33
7049.8,1.079e-15,2.924e-33
7075.3,1.019e-15,2.847e-33
7100.9,1.026e-15,2.853e-33
7126.5,9.586e-16,2.9989999999999998e-33
7152.1,8.787e-16,3.2799999999999996e-33
7177.6,9.332e-16,3.5579999999999996e-33
7203.2,9.328e-16,3.652e-33
7228.8,7.714e-16,3.561e-33
7254.3,7.225e-16,3.4139999999999996e-33
7279.9,6.399e-16,3.266e-33
7305.5,5.746e-16,3.092e-33
7331.1,6.543e-16,2.892e-33
7356.6,6.447e-16,2.7009999999999998e-33
7382.2,5.835e-16,2.5459999999999998e-33
7407.8,6.095e-16,2.434e-33
7433.3,7.231e-16,2.362e-33
7458.9,7.174e-16,2.323e-33
7484.5,6.295e-16,2.3199999999999998e-33
7510.0,5.998e-16,2.3859999999999998e-33
7535.6,6.679e-16,2.619e-33
7561.2,6.866e-16,3.203e-33
7586.8,5.578e-16,4.3189999999999995e-33
7612.3,5.829e-16,5.5969999999999996e-33
7637.9,5.943e-16,5.693e-33
7663.5,4.764e-16,4.522e-33
7689.0,5.44e-16,3.389e-33
7714.6,6.256e-16,2.7419999999999998e-33
7740.2,6.289e-16,2.451e-33
7765.8,5.872e-16,2.346e-33
7791.3,5.76e-16,2.3239999999999997e-33
7816.9,6.083e-16,2.3349999999999998e-33
7842.5,6.529e-16,2.367e-33
7868.0,7.032e-16,2.4229999999999998e-33
7893.6,7.497e-16,2.497e-33
7919.2,7.561e-16,2.5709999999999997e-33
7944.7,8.533e-16,2.621e-33
7970.3,9.818e-16,2.642e-33
7995.9,1.005e-15,2.6379999999999997e-33
8021.5,1.017e-15,2.625e-33
8047.0,1.058e-15,2.636e-33
8072.6,1.138e-15,2.7269999999999998e-33
8098.2,1.226e-15,2.955e-33
8123.7,1.261e-15,3.333e-33
8149.3,1.262e-15,3.782e-33
8174.9,1.243e-15,4.111e-33
8200.5,1.221e-15,4.182e-33
8226.0,1.207e-15,4.065e-33
8251.6,1.186e-15,3.9069999999999995e-33
8277.2,1.167e-15,3.7839999999999996e-33
8302.7,1.162e-15,3.695e-33
8328.3,1.137e-15,3.596e-33
8353.9,1.111e-15,3.45e-33
8379.5,1.125e-15,3.272e-33
8405.0,1.149e-15,3.1149999999999996e-33
8430.6,1.135e-15,3.017e-33
8456.2,1.116e-15,2.982e-33
8481.7,1.054e-15,2.996e-33
8507.3,9.155e-16,3.0359999999999998e-33
8532.9,8.776e-16,3.088e-33
8558.4,9.606e-16,3.1449999999999995e-33
8584.0,9.552e-16,3.204e-33
8609.6,8.97e-16,3.264e-33
8635.2,8.533e-16,3.326e-33
8660.7,8.023e-16,3.388e-33
8686.3,7.661e-16,3.451e-33
8711.9,7.744e-16,3.514e-33
8737.4,8.033e-16,3.577e-33
8763.0,8.417e-16,3.6409999999999996e-33
8788.6,9.445e-16,3.707e-33
8814.2,9.36e-16,3.78e-33
8839.7,8.032e-16,3.8769999999999996e-33
8865.3,8.332e-16,4.05e-33
8890.9,9.025e-16,4.4219999999999995e-33
8916.4,8.355e-16,5.2039999999999995e-33
8942.0,8.716e-16,6.639e-33
8967.6,1.042e-15,8.601e-33
8993.2,9.121e-16,1.004e-32
9018.7,8.072e-16,1.022e-32
9044.3,9.677e-16,1.0190000000000001e-32
9069.9,1.042e-15,1.111e-32
9095.4,9.979e-16,1.334e-32
9121.0,1.034e-15,1.632e-32
9146.6,1.109e-15,1.826e-32
9172.1,1.018e-15,1.7740000000000002e-32
9197.7,9.369e-16,1.621e-32
9223.3,9.627e-16,1.609e-32
